-28567.530000 0.000000 0.000000 0.000000
-28506.600000 0.000000 0.000000 0.000000
-28445.610000 0.000000 0.000000 0.000000
-28384.600000 0.000000 0.000000 0.000000
-28323.670000 0.000000 0.000000 0.000000
-28262.780000 0.000000 0.000000 0.000000
-28201.890000 0.000000 0.000000 0.000000
-28140.960000 0.000000 0.000000 0.003700
-28080.040000 0.000000 0.000000 0.000000
-28019.140000 0.000000 0.000000 0.000000
-27958.170000 0.000000 0.000000 0.002000
-27897.190000 0.000000 6.560900 0.000000
-27836.180000 0.000000 1.086700 1.828300
-27775.310000 0.000400 11.075500 1.814700
-27714.340000 0.056400 8.807000 2.246800
-27653.420000 8.898400 7.368300 3.120800
-27592.470000 12.976200 14.281600 9.372400
-27531.510000 24.744200 11.118200 13.040900
-27470.500000 7.977200 22.681800 32.310100
-27409.520000 12.739000 25.241500 41.985800
-27348.510000 13.702700 35.734200 51.533900
-27287.590000 23.617000 43.598100 61.608300
-27226.690000 31.361700 51.291800 74.146300
-27165.770000 42.975500 61.192400 83.032500
-27104.790000 55.008000 74.733500 93.856300
-27043.780000 60.608700 86.771600 107.602800
-26982.850000 69.930600 98.215800 118.848300
-26921.860000 80.047400 101.836800 122.924000
-26860.860000 79.243100 107.743900 128.779100
-26799.870000 81.551800 107.546800 127.148800
-26738.860000 86.683200 109.534700 131.924700
-26677.930000 81.006000 111.227600 131.964600
-26616.960000 82.679700 115.040400 136.030600
-26556.030000 87.988200 119.441300 141.137800
-26495.040000 89.423600 121.211800 142.161700
-26434.080000 90.295900 120.363400 142.154500
-26373.140000 93.443100 121.070400 142.754600
-26312.210000 94.553900 122.591200 143.700200
-26251.290000 95.559500 125.642200 146.521600
-26190.330000 94.754800 120.151600 140.374400
-26129.310000 94.300100 121.987900 140.797800
-26068.340000 93.904000 120.386600 136.144600
-26007.410000 91.065400 120.876000 138.681600
-25946.480000 94.258900 121.626700 139.509200
-25885.560000 97.663800 126.663500 143.019300
-25824.570000 95.862800 125.579300 142.239500
-25763.590000 96.340900 126.291500 142.911700
-25702.670000 93.014200 122.623000 138.640000
-25641.770000 96.424500 126.098200 142.408400
-25580.880000 96.616000 126.219300 142.135300
-25519.950000 96.607300 126.624800 142.241000
-25458.990000 95.913200 125.689300 141.544000
-25398.020000 96.994400 126.452800 141.646100
-25337.010000 96.346200 126.205600 141.352200
-25276.040000 95.806200 126.130000 141.076400
-25215.040000 96.487300 126.706800 140.961600
-25154.120000 97.227500 126.761600 140.393700
-25093.140000 96.948700 126.616800 140.442400
-25032.130000 95.612900 126.087700 139.493400
-24971.120000 96.045300 126.420400 139.377400
-24910.120000 98.009600 128.202700 140.700800
-24849.190000 97.129700 128.378100 140.272500
-24788.260000 94.944000 125.985500 137.518800
-24727.370000 94.104300 124.448700 135.425600
-24666.380000 92.843400 124.680700 134.949600
-24605.450000 93.161200 124.686500 134.433300
-24544.530000 94.694300 126.015200 135.469300
-24483.640000 95.141300 126.467200 135.755100
-24422.660000 93.635100 125.572900 134.106000
-24361.650000 93.475500 125.813000 134.420000
-24300.670000 93.773900 126.463200 135.236400
-24239.670000 95.055400 127.848900 136.297900
-24178.700000 95.888400 128.213000 136.270200
-24117.770000 95.053200 128.033100 136.151500
-24056.830000 95.263300 128.183200 136.213900
-23995.890000 96.286600 128.941300 136.339600
-23934.880000 94.957200 127.266200 135.153100
-23873.880000 96.321400 128.585500 135.999200
-23812.870000 97.528300 130.299300 137.827700
-23751.860000 98.599500 132.036200 140.571400
-23690.850000 95.521300 127.577500 135.297800
-23629.880000 95.928100 128.372300 136.051100
-23568.870000 97.002000 129.387900 137.396300
-23507.910000 98.293900 129.918500 138.366500
-23446.930000 98.322900 131.334200 138.712700
-23385.930000 99.098800 131.785600 139.972500
-23325.000000 95.795900 127.448300 135.343800
-23264.020000 95.620500 127.857700 135.697100
-23203.060000 97.905200 131.052600 139.099600
-23142.170000 97.248700 130.213800 138.234800
-23081.240000 98.626300 130.643700 138.857500
-23020.320000 99.235400 131.273400 139.684000
-22959.310000 98.601800 131.253900 139.865600
-22898.350000 100.153300 131.447900 139.889000
-22837.420000 100.374100 133.500400 142.473100
-22776.500000 101.020700 133.524600 142.673300
-22715.550000 101.058700 134.157600 143.245600
-22654.600000 101.265200 134.002400 143.384400
-22593.620000 102.398200 135.337100 144.837000
-22532.620000 100.346600 132.998300 142.341900
-22471.620000 103.165100 136.751900 146.486000
-22410.610000 103.458700 136.962700 146.880700
-22349.600000 100.083000 132.288900 141.910000
-22288.680000 101.592700 132.967100 143.018200
-22227.780000 100.970100 133.609900 143.023700
-22166.860000 100.624300 133.120300 142.384800
-22105.880000 100.866200 133.399100 142.833100
-22044.880000 101.208600 133.731100 143.174400
-21983.870000 102.383000 135.159400 144.740900
-21922.860000 102.858100 135.645500 145.309000
-21861.920000 103.009000 135.726400 145.116600
-21801.010000 103.461300 136.352100 145.817700
-21740.070000 104.304700 136.379600 145.558600
-21679.060000 104.831300 136.169500 146.199000
-21618.100000 105.071200 137.790000 147.427200
-21557.100000 105.281900 137.984200 147.525500
-21496.180000 106.094600 138.987400 148.609700
-21435.200000 106.550800 139.944900 149.939200
-21374.200000 103.703300 136.312000 145.158000
-21313.270000 104.290300 137.312400 146.129400
-21252.300000 102.952500 134.150800 143.831600
-21191.290000 105.539200 138.110200 147.862900
-21130.330000 105.589000 138.251800 148.073800
-21069.350000 105.538400 138.042400 147.976400
-21008.420000 106.605900 139.199300 149.223900
-20947.440000 105.529100 138.598900 148.485100
-20886.520000 106.189200 139.459000 148.835200
-20825.540000 106.979900 139.782400 149.405100
-20764.570000 103.907200 136.836700 146.099500
-20703.600000 108.937000 142.147500 152.582100
-20642.610000 109.831200 142.962400 152.756400
-20581.640000 109.634200 142.852200 152.610200
-20520.740000 109.981200 143.393000 154.052800
-20459.810000 110.806800 144.659700 154.600600
-20398.830000 110.350100 143.764000 154.488800
-20337.910000 111.568300 145.057400 155.170200
-20276.980000 112.168500 145.659700 155.914200
-20216.060000 110.770600 144.796200 155.709200
-20155.100000 112.264200 145.872700 156.187300
-20094.120000 111.976600 145.276100 155.517800
-20033.110000 112.744900 146.059100 156.376300
-19972.150000 113.436700 146.860600 157.202200
-19911.260000 114.159200 148.044500 158.399700
-19850.280000 110.698400 143.822800 154.459700
-19789.310000 110.754500 143.241900 152.827300
-19728.340000 109.442500 142.292000 152.570100
-19667.420000 110.497100 143.509000 152.573400
-19606.530000 110.495300 144.127500 154.160400
-19545.550000 109.601000 143.320300 153.335000
-19484.630000 110.557100 143.820600 154.148400
-19423.630000 111.703200 144.262300 155.636500
-19362.640000 108.494300 144.155500 154.157700
-19301.620000 110.005700 144.587700 154.866200
-19240.630000 110.296000 145.162300 156.157700
-19179.620000 110.515400 145.579300 158.226500
-19118.610000 109.790800 144.555500 155.723000
-19057.690000 112.336300 146.828900 159.032000
-18996.690000 111.371900 146.045400 157.155900
-18935.770000 102.825100 147.117500 162.056900
-18874.790000 106.987200 148.279500 169.597700
-18813.810000 90.793100 146.668100 192.874100
-18752.800000 87.383300 147.322000 197.341000
-18691.830000 88.732700 147.368800 197.594200
-18630.850000 87.454900 146.372200 196.431300
-18569.880000 88.607600 146.884900 197.035800
-18508.870000 88.604900 147.709900 197.457800
-18447.910000 88.786400 147.964600 198.465300
-18386.930000 88.137700 146.848000 196.847300
-18325.960000 88.521600 147.494000 197.437800
-18265.020000 89.120200 148.310800 197.855700
-18204.090000 89.815000 147.408900 197.098500
-18143.170000 90.454600 148.363100 198.102300
-18082.190000 91.112000 148.931100 198.590300
-18021.270000 91.542900 148.001400 198.131100
-17960.290000 93.476000 150.847200 200.201900
-17899.280000 94.072300 151.477100 200.463400
-17838.380000 93.931400 151.901700 201.600100
-17777.370000 94.488600 152.622700 201.991500
-17716.400000 92.385400 150.945600 199.954000
-17655.440000 93.301300 152.191800 201.821400
-17594.650000 93.727200 151.245400 200.237000
-17533.730000 95.048000 151.844600 201.149300
-17472.800000 94.691700 152.113500 201.423300
-17411.830000 95.379300 152.858700 201.593200
-17350.900000 92.277500 149.368200 198.756200
-17289.980000 92.622100 149.691500 198.999400
-17229.000000 91.260200 147.873200 196.486400
-17167.990000 91.431400 148.394100 197.141300
-17107.070000 92.231400 149.174000 198.321800
-17046.180000 94.022800 151.869800 200.800000
-16985.280000 92.587500 149.916600 198.623900
-16924.360000 90.504900 146.655200 194.932800
-16863.360000 91.625900 147.181300 196.089500
-16802.370000 90.603500 147.096900 195.463700
-16741.440000 90.063300 147.025000 195.198400
-16680.470000 91.930300 149.854500 198.473500
-16619.540000 90.209000 147.668900 196.596900
-16558.540000 90.839500 148.575800 197.472600
-16497.620000 91.479100 148.883100 197.625300
-16436.630000 90.242100 146.823800 195.223000
-16375.630000 91.671000 149.460900 198.394100
-16049.520000 89.710100 150.642100 200.415800
-15988.510000 91.390800 148.865700 196.296500
-15927.580000 93.770800 151.095200 198.874300
-15866.640000 94.706600 152.107700 199.833800
-15805.680000 97.861600 149.874400 194.432600
-15744.710000 93.081600 150.266800 196.646100
-15683.780000 95.240200 152.644600 200.029800
-15622.810000 91.912700 148.677300 195.376800
-15561.830000 92.409100 149.295800 196.044500
-15500.820000 100.086700 150.155500 192.652700
-15439.860000 95.750600 152.929400 200.039400
-15378.940000 102.609400 148.780100 191.075300
-15317.950000 92.908600 148.824000 195.061100
-15256.940000 106.118900 152.442400 194.162400
-15195.970000 97.041900 149.512500 193.437200
-15135.030000 93.684500 149.865900 196.518700
-15074.020000 115.261900 151.899100 191.501500
-15013.020000 98.825100 150.945900 194.802400
-14952.010000 114.248800 152.659400 192.015800
-14891.000000 98.522000 151.390500 195.696100
-14829.990000 98.890500 151.707800 195.722700
-14769.020000 101.998500 150.123100 193.037900
-14708.010000 97.589400 153.174900 198.440300
-14647.010000 100.553800 150.782500 193.952500
-14586.000000 97.105200 151.708800 197.008200
-14524.990000 98.183100 152.149000 196.466900
-14464.050000 100.350500 152.323600 195.763300
-14403.110000 111.865100 151.441500 191.803500
-14342.180000 123.167300 151.764100 184.104200
-14281.170000 117.428500 154.763800 193.840300
-14220.200000 115.178300 152.256000 191.087100
-14159.240000 98.512900 150.896900 195.095300
-14098.350000 108.417300 152.114900 190.818700
-14037.380000 106.230300 154.727600 197.326800
-13976.420000 101.835800 152.306800 194.149700
-13915.450000 99.892300 153.040100 196.724500
-13854.470000 120.925400 148.843300 180.830100
-13793.460000 100.909500 145.582700 186.647300
-13732.460000 96.439700 142.984800 183.518200
-13671.480000 111.188600 150.686500 190.119800
-13610.520000 115.317700 154.306500 193.326700
-13549.600000 129.412100 155.648300 190.637500
-13488.710000 125.061100 156.151200 192.884500
-13427.750000 115.223500 155.683600 195.912600
-13366.790000 127.498500 153.899100 187.272200
-13305.860000 117.622200 153.749700 192.186600
-13244.900000 122.747200 154.599600 191.482100
-13183.940000 122.227400 153.875400 179.540600
-13123.010000 129.219500 156.248800 187.567600
-13062.040000 125.625400 155.483900 184.074500
-13001.110000 121.854900 152.816500 178.859500
-12940.170000 127.304900 156.742200 186.084600
-12879.210000 127.636500 154.703500 185.373600
-12818.270000 115.004100 153.669300 187.402100
-12757.260000 122.814400 151.769500 184.360000
-12696.250000 123.355400 152.366300 185.248700
-12635.290000 122.596600 152.832200 186.182000
-12574.400000 121.269600 149.283100 177.955700
-12513.440000 120.160900 150.218400 175.529800
-12452.510000 115.169700 148.486100 167.757100
-12391.580000 121.344800 150.405900 177.998200
-12330.620000 117.024000 148.913400 171.947300
-12269.690000 120.792200 150.754400 176.781700
-12208.800000 119.509600 149.933700 174.957900
-12147.800000 123.892800 152.397100 180.973100
-12086.860000 116.254400 156.578000 163.982100
-12025.850000 121.810300 158.546000 176.704200
-11964.890000 116.509700 154.408100 165.996700
-11903.890000 113.062200 151.552900 160.826900
-11842.900000 117.427400 155.476200 167.091400
-11781.930000 118.098600 158.704700 164.834800
-11720.920000 116.626700 153.483300 165.798800
-11659.990000 113.237300 153.224500 158.355300
-11599.060000 121.148700 157.703700 171.633000
-11538.100000 120.769700 155.343100 171.213400
-11477.100000 118.315500 158.062300 165.403200
-11416.180000 115.385000 155.068000 159.229200
-11355.280000 115.897800 155.775900 159.226300
-11294.310000 115.971700 156.216900 159.027600
-11233.330000 115.787500 156.069500 159.694100
-11172.370000 115.439700 153.277500 161.932800
-11111.370000 115.394300 153.529400 161.135400
-11050.410000 120.795800 158.125900 169.067900
-10989.470000 115.818900 151.944100 163.465600
-10928.510000 113.601300 151.462600 158.101100
-10867.580000 115.337800 152.326200 160.924500
-10806.570000 116.850900 156.126300 160.350100
-10745.640000 112.582700 151.847400 153.458800
-10684.690000 117.602900 156.346300 160.515200
-10623.720000 114.917500 153.435200 155.788000
-10562.750000 118.799200 157.648900 158.510500
-10501.750000 115.848800 154.072600 154.926500
-10440.860000 115.305500 153.744700 154.968800
-10379.920000 115.672500 153.711200 158.780700
-10318.960000 115.442800 153.653200 158.345900
-10258.040000 116.673000 154.305600 160.496400
-10197.050000 116.135100 154.491100 157.790800
-10136.050000 116.635300 154.453600 160.863300
-10075.080000 119.007100 157.962200 161.546100
-10014.110000 113.553200 151.552600 153.348600
-9953.120000 119.166200 156.848200 160.949900
-9892.230000 115.008100 152.864800 152.966000
-9831.330000 116.666400 153.659900 154.191300
-9770.360000 117.079100 154.526400 153.429600
-9709.380000 118.109800 155.390100 154.182700
-9648.460000 118.431900 155.646300 154.406600
-9587.480000 115.166500 151.877600 149.708300
-9526.470000 119.717500 156.853400 155.565100
-9465.510000 117.102600 153.584600 151.871500
-9404.620000 117.757000 154.361100 150.999200
-9343.700000 118.503300 154.762600 151.879600
-9282.810000 122.472600 159.541200 155.913100
-9221.910000 123.138800 160.053200 156.609500
-9160.940000 120.352200 156.639800 152.841100
-9099.930000 116.334800 153.002900 148.189200
-9038.920000 121.197300 157.354800 153.350000
-8977.910000 122.102700 158.581500 154.272800
-8916.940000 119.489800 155.185000 150.695100
-8855.980000 119.644300 155.635800 150.219300
-8795.010000 116.450500 152.025800 147.151500
-8734.030000 121.396900 157.552000 151.691800
-8673.100000 122.064100 157.881500 152.773700
-8612.120000 118.517000 154.322000 148.134600
-8551.180000 114.488800 150.921300 144.216600
-8490.260000 115.679400 151.590600 144.808700
-8429.370000 122.721300 161.231900 153.421600
-8368.470000 116.841200 152.678300 145.623200
-8307.550000 121.764500 158.207500 151.172100
-8246.580000 118.711400 154.567000 147.419300
-8185.570000 119.699900 155.371900 147.993900
-8124.590000 122.981600 161.074200 152.825200
-8063.690000 123.385400 162.537900 152.585000
-8002.740000 115.852100 153.645500 143.972200
-7941.840000 116.504800 154.853300 144.986200
-7880.920000 117.495300 154.726800 145.797000
-7819.960000 120.950900 160.570300 149.889200
-7759.030000 117.523900 156.275400 145.412900
-7698.060000 122.613900 162.281100 150.509200
-7637.080000 119.297100 158.263300 146.309900
-7576.070000 120.432200 159.784100 147.571400
-7515.110000 121.531900 161.108300 148.576000
-7454.180000 118.720600 157.272100 145.041900
-7393.220000 118.144200 156.950100 144.166200
-7332.240000 118.969800 157.460400 145.272500
-7271.250000 120.241300 157.768600 146.105700
-7210.240000 124.808700 164.061100 151.459800
-7149.270000 125.249500 164.496300 152.047600
-7088.310000 125.603100 164.751700 152.192200
-7027.390000 118.670500 156.596300 144.291000
-6966.440000 124.012900 162.715700 149.751600
-6905.470000 122.627500 161.606400 148.791700
-6844.460000 121.933000 160.715700 149.197300
-6783.500000 122.742500 161.905200 149.523800
-6722.610000 123.682300 162.811600 150.335600
-6661.620000 120.183100 158.012100 145.983100
-6600.630000 125.697800 164.275900 151.331400
-6539.700000 122.404100 160.416100 147.594600
-6478.810000 123.202200 160.351100 147.339200
-6417.920000 118.605800 155.178200 142.170300
-6356.950000 123.149700 161.045100 148.044100
-6296.020000 122.852300 161.123400 147.542700
-6235.060000 122.009900 159.858100 147.939700
-6174.060000 120.269000 158.925700 146.925900
-6113.080000 124.047000 162.904000 151.250100
-6052.120000 123.303900 162.684900 150.398100
-5991.150000 120.450600 158.508300 145.651200
-5930.220000 120.381300 158.539900 145.928500
-5869.230000 119.445400 158.126100 145.900000
-5808.250000 125.327900 164.177900 152.508800
-5747.330000 119.893100 158.808800 146.632900
-5686.430000 121.011400 159.754100 147.508000
-5625.490000 116.179100 154.590500 142.244200
-5564.530000 115.597600 154.570600 141.762000
-5503.610000 117.182700 156.075600 142.968900
-5442.670000 120.181200 159.403400 147.550800
-5381.660000 122.887500 162.663100 151.505900
-5320.690000 122.905300 162.491000 152.210400
-5259.740000 124.124800 164.348400 152.392400
-5198.820000 120.092300 158.674300 147.212500
-5137.840000 119.374200 158.026800 146.774500
-5076.870000 123.969000 163.208800 151.930900
-5015.920000 121.533900 160.048200 148.427700
-4954.920000 120.867900 159.955100 146.697500
-4893.990000 120.154200 159.224600 146.837400
-4832.990000 124.733300 162.985800 151.593900
-4771.980000 124.483300 163.980200 150.838100
-4710.970000 123.231900 163.112000 149.832300
-4649.960000 124.643800 163.791300 151.472000
-4588.960000 123.625300 162.390500 150.016900
-4527.950000 125.028000 161.782600 150.277800
-4466.940000 121.437000 156.297700 145.611300
-4405.990000 125.903700 165.320500 151.178800
-4344.990000 121.163600 160.336700 145.701300
-4284.100000 126.519200 166.357900 151.638700
-4223.180000 120.991700 160.409100 145.677800
-4162.290000 122.531700 160.408000 147.524200
-4101.390000 121.403800 160.888000 146.986200
-4040.400000 125.516000 165.443500 152.015200
-3979.400000 121.945800 159.411700 147.281000
-3918.400000 117.594100 155.022400 142.140100
-3857.480000 123.581400 160.283900 147.733400
-3796.480000 119.007700 154.758500 142.617800
-3735.510000 123.677400 160.741600 147.826300
-3674.530000 124.739200 161.493800 149.499700
-3613.580000 125.290000 162.887200 148.281900
-3552.650000 120.772100 158.522000 145.396400
-3491.690000 119.642800 158.289500 143.648100
-3430.770000 124.248200 163.500800 149.784600
-3369.840000 123.880700 162.986000 149.199900
-3308.880000 120.526700 158.120100 144.508200
-3247.960000 124.225500 163.249400 149.217600
-3186.980000 123.455400 160.582600 148.153600
-3126.050000 124.564200 162.182500 148.640300
-3065.080000 120.764900 157.664600 144.842100
-3004.150000 121.946300 158.635100 144.996100
-2943.190000 124.551100 160.388400 146.234800
-2882.180000 121.941900 156.224100 142.819000
-2821.200000 123.522100 157.129200 144.082300
-2760.190000 123.252500 156.941000 144.191100
-2699.290000 123.390500 157.925500 144.352200
-2638.330000 124.905300 158.798000 145.689700
-2577.350000 125.435300 159.326200 146.180100
-2516.430000 124.920400 159.165800 145.489000
-2455.500000 125.249300 159.337300 145.597800
-2394.510000 121.054100 154.501500 140.569300
-2333.620000 120.507500 153.710600 140.590500
-2272.650000 123.996100 157.811700 144.433300
-2211.680000 128.791900 162.758200 149.030900
-2150.710000 126.261400 158.958400 145.771100
-2089.820000 125.830500 159.151400 146.054700
-2028.920000 123.312800 154.785400 141.659000
-1968.030000 126.103700 157.720400 142.930200
-1907.110000 123.581100 155.571700 143.543300
-1846.130000 126.282900 155.906300 144.020500
-1785.210000 129.303300 159.497300 146.910700
-1724.320000 130.344900 160.264800 148.038400
-1663.420000 129.278600 159.655800 147.115700
-1602.420000 123.209900 152.798200 140.478900
-1541.490000 129.119600 159.007500 147.091200
-1480.530000 122.671300 154.414300 140.915700
-1419.610000 122.548800 157.031800 144.790000
-1358.710000 123.698700 160.139100 148.837900
-1297.720000 131.960700 161.281300 150.930500
-1236.720000 127.382200 154.301300 142.611100
-1175.750000 126.823800 153.700800 141.448100
-1114.790000 131.108900 156.543200 143.367600
-1053.820000 126.973100 150.966800 137.393000
-992.850000 116.452200 138.130600 128.685600
-931.870000 121.219200 144.217100 131.777100
-870.850000 130.999600 153.822600 142.322500
-809.880000 133.711900 158.604700 144.636900
-748.940000 130.409800 158.408600 142.718700
-687.930000 135.352900 165.281900 146.775100
-626.960000 131.249300 160.259500 142.602200
-566.030000 129.903500 158.285000 141.742200
-505.100000 131.886700 158.118600 145.032200
-444.130000 130.461600 159.205100 142.679800
-383.120000 133.428600 160.783500 145.476200
-322.140000 135.051300 161.099000 146.340700
-261.180000 131.350900 156.812700 142.180900
-200.290000 129.796200 153.492500 139.026400
-139.400000 127.567500 153.365400 136.513200
-78.430000 130.479600 156.015500 143.247400
-17.480000 131.168000 157.477000 140.683500
43.520000 137.270600 161.597200 144.355600
104.410000 136.482000 157.724900 142.555000
165.380000 138.826300 154.604300 144.629400
226.310000 133.539700 156.725100 144.125900
287.290000 124.465900 149.473900 136.734400
348.290000 128.356200 151.800000 140.396100
409.220000 135.712300 159.749400 145.773600
470.110000 139.103700 163.216600 146.644800
531.090000 123.907200 150.894700 139.794000
592.090000 120.719100 148.989300 137.760700
653.100000 131.816200 158.355400 144.757800
714.030000 135.406300 161.619200 143.396400
775.010000 132.967500 160.799500 141.874700
836.010000 131.096200 158.826700 140.342400
896.950000 133.664100 159.610100 144.820600
957.920000 133.164000 156.250000 140.524200
1018.910000 133.194800 156.995300 141.915500
1079.910000 130.621600 155.922900 143.953500
1140.920000 116.585900 145.189700 134.780500
1201.920000 126.806500 153.756000 140.328900
1262.930000 138.458400 163.783800 145.932500
1323.860000 145.702700 169.795900 151.902900
1384.820000 136.098100 161.895800 147.571500
1445.790000 136.256300 163.295600 148.578900
1506.750000 139.298400 161.234300 150.841700
1567.650000 133.188300 159.660900 145.544200
1628.570000 140.578200 166.911400 153.936900
1689.570000 134.839800 160.665300 142.851500
1750.570000 138.339800 164.101000 146.599000
1811.460000 132.785700 157.943400 140.638300
1872.440000 130.824000 156.567800 137.506800
1933.360000 132.122000 157.189800 141.248300
1994.340000 132.913800 157.191800 138.625100
2055.270000 127.924600 151.396000 139.654000
2116.240000 122.155000 149.144600 137.835700
2177.250000 115.016900 144.797900 133.561500
2238.170000 129.508900 154.433100 141.736100
2299.070000 129.538800 153.005600 140.709700
2360.010000 134.349200 160.518900 147.448500
2421.020000 137.403000 164.418200 149.951200
2481.940000 135.318900 165.900700 152.331400
2542.920000 136.704100 164.036700 149.138500
2603.920000 133.667900 160.741000 145.793600
2664.900000 136.498200 162.628800 149.180800
2725.790000 133.527400 160.176400 147.140300
2786.770000 135.737300 160.907700 147.967200
2847.740000 132.575700 157.733200 144.334100
2908.670000 131.250100 157.522900 144.302200
2969.600000 139.841600 163.788900 149.884700
3030.570000 139.691300 165.496100 149.638900
3091.500000 139.068300 165.642800 149.715400
3152.490000 139.011600 164.239700 147.949400
3213.480000 140.613900 164.868700 149.412400
3274.450000 132.348500 157.149100 144.398900
3335.460000 127.713000 152.598500 140.650400
3396.430000 127.660000 154.423500 142.137000
3457.390000 130.799700 156.383800 143.655800
3518.370000 131.047200 156.705000 143.311100
3579.290000 129.440700 155.581000 141.791300
3640.190000 127.892300 154.098500 139.444200
3701.180000 139.467500 159.437100 148.061300
3762.110000 134.269400 163.266600 149.380600
3823.100000 135.095200 160.275500 144.239000
3884.070000 136.920100 163.722900 148.084900
3945.080000 137.286400 157.733200 146.091400
4006.080000 132.822700 159.469000 145.713500
4067.070000 134.048700 158.896600 145.048900
4128.000000 134.042200 157.279700 144.425000
4188.990000 135.633400 154.997900 145.652700
4249.930000 123.961400 152.325100 138.814800
4310.900000 126.911300 153.547500 138.564200
4371.910000 131.778400 158.619100 143.360100
4432.920000 137.591500 161.847000 147.277300
4493.880000 137.896700 164.056400 148.914800
4554.780000 136.172400 163.717800 148.213000
4615.700000 134.877500 157.392500 147.195800
4676.660000 131.596200 158.892200 145.433800
4737.590000 133.855500 160.775600 146.119300
4798.560000 132.071700 159.231500 140.799300
4859.490000 134.278900 160.875800 142.413900
4920.460000 136.015900 163.842600 144.514700
4981.390000 132.732700 160.172800 143.185700
5042.280000 131.017900 158.327700 142.297700
5103.200000 128.661100 156.123900 141.839800
5164.090000 130.813800 156.578300 143.758200
5225.070000 133.799900 158.251000 142.600600
5285.990000 126.686100 151.748300 139.177800
5346.970000 132.074300 157.297500 143.268900
5407.890000 133.057800 153.665600 142.279200
5468.790000 131.257900 158.182000 144.439000
5529.750000 131.797600 159.174800 143.666900
5590.680000 130.355500 157.051000 141.772500
5651.640000 128.576800 157.897400 142.374300
5712.580000 130.413800 158.495900 142.954800
5773.550000 128.207600 157.144300 141.652100
5834.480000 127.242700 156.429300 139.731100
5895.370000 123.397300 155.419500 139.378700
5956.310000 125.870000 157.555900 140.825300
6017.320000 127.907200 160.082600 143.264500
6078.320000 128.242200 161.250600 143.872700
6139.330000 131.378700 159.776000 143.183900
6200.340000 136.565100 162.751200 145.887000
6261.300000 127.585300 157.950700 141.165600
6322.270000 129.225700 159.572600 143.493500
6383.200000 129.921200 159.520700 143.550800
6444.090000 132.514000 161.707600 144.745000
6505.070000 129.337400 161.571900 144.581700
6565.990000 127.762100 161.742500 144.664100
6626.990000 133.234100 162.080100 148.293200
6687.880000 128.067000 162.138500 144.078700
6748.820000 127.603300 161.721100 144.499200
6809.830000 129.844000 162.244800 144.731600
6870.790000 131.299400 164.430400 147.878700
6931.680000 131.635100 165.661700 147.928300
6992.650000 129.631900 163.948500 145.668000
7053.580000 129.251800 160.214100 143.774500
7114.540000 129.458800 160.987300 144.656900
7175.500000 138.215000 166.380200 149.100800
7236.490000 133.345300 162.598600 146.754700
7297.460000 140.479600 168.845400 152.428200
7358.470000 135.121400 162.751500 147.076300
7419.450000 135.130800 163.020100 148.221300
7480.420000 132.915000 160.354000 146.133200
7541.380000 132.120800 160.292200 146.442100
7602.300000 135.198500 163.394400 148.237800
7663.200000 139.183100 167.597600 152.926300
7724.070000 127.539500 154.976600 142.334400
7785.050000 131.151100 159.332200 145.593100
7846.060000 140.300400 166.252300 150.381300
7907.030000 124.667300 156.363700 140.462400
7968.040000 133.431000 163.678700 146.615500
8029.010000 126.728000 157.994400 141.780400
8090.000000 132.640000 163.156300 145.768700
8150.920000 135.720500 168.390700 151.065500
8211.890000 131.447700 160.862700 143.903400
8272.810000 126.960200 158.232500 141.839100
8333.730000 122.719900 156.643300 140.620700
8394.730000 126.416300 159.641400 142.149900
8455.720000 140.292800 171.084900 153.566000
8516.690000 134.772600 163.542900 147.776600
8577.670000 132.721200 162.220100 147.546700
8638.670000 127.292500 159.002800 146.197500
8699.630000 128.813400 158.982400 144.967300
8760.630000 138.351400 170.711100 152.559000
8821.550000 136.085300 167.885400 149.657800
8882.440000 137.166600 170.150000 150.324100
8943.420000 136.121000 169.430800 148.829300
9004.420000 126.872400 158.255400 146.572800
9065.350000 130.561700 158.050000 144.523400
9126.320000 133.457100 165.969800 151.778700
9187.270000 134.718900 167.576400 149.129200
9248.170000 131.445000 163.972000 150.025800
9309.140000 128.564600 161.021100 143.985700
9370.060000 128.872800 161.157600 144.305200
9430.990000 128.364900 160.698500 146.434500
9491.880000 127.451700 159.306500 143.531200
9552.820000 132.463600 165.438200 148.575800
9613.820000 131.247800 165.932500 148.671900
9674.830000 136.018400 165.821300 152.726100
9735.790000 127.823400 161.843600 145.110700
9796.690000 124.780900 158.693300 141.764300
9857.580000 131.701400 166.850500 149.987700
9918.560000 128.511600 164.810200 145.626500
9979.530000 127.317700 163.077200 146.367000
10040.540000 125.050300 161.444900 144.519000
10101.550000 128.161100 166.987100 148.258900
10162.560000 132.952300 166.128200 150.282700
10223.530000 131.913700 164.260300 150.447800
10284.540000 133.339800 166.784600 152.307100
10345.500000 125.295700 158.359400 143.905500
10406.490000 127.710100 161.839200 148.549000
10467.490000 125.518200 161.056100 147.400600
10528.460000 125.344600 160.759300 148.060200
10589.390000 122.684400 157.170200 145.238600
10650.380000 128.291600 160.501900 148.054000
10711.310000 135.679900 166.121400 154.397500
10772.250000 135.868600 165.313000 151.413300
10833.210000 137.613100 166.799700 149.135400
10894.210000 117.272000 143.656900 136.521900
10955.110000 113.840500 139.926700 135.277200
11016.080000 126.083000 159.824900 146.633500
11077.070000 124.220300 159.704500 145.442300
11138.000000 126.498400 160.535600 146.122000
11198.990000 127.973700 163.555300 148.992900
11259.920000 118.497600 155.737000 142.992200
11320.880000 119.390600 157.703200 144.994600
11381.880000 123.758700 162.856200 149.689400
11442.860000 121.656200 160.179000 147.964200
11503.840000 120.158800 158.987900 146.377000
11564.800000 118.078100 158.238800 144.559100
11625.720000 122.232200 163.050300 149.477500
11686.610000 121.606900 162.030700 149.556400
11747.610000 121.588000 161.302300 148.819900
11808.600000 120.728500 160.292200 147.679900
11869.580000 119.920000 159.658400 147.390500
11930.500000 118.188300 157.418000 146.222000
11991.500000 121.812800 161.934900 150.578100
12052.420000 116.544700 156.127200 144.118200
12113.410000 121.735700 161.825800 150.165000
12174.410000 118.169000 157.418900 145.521600
12235.330000 121.865100 161.778300 149.888500
12296.290000 123.452600 164.270500 151.386900
12357.260000 124.425800 162.301200 153.054300
12418.270000 119.576500 159.066000 148.861300
12479.230000 123.399800 163.491700 152.505800
12540.140000 125.142900 154.217700 158.937700
12601.070000 118.367800 157.793800 145.808900
12662.030000 126.958300 167.344000 155.762300
12722.920000 125.847400 164.661300 154.738900
12783.900000 120.375800 161.722600 149.656400
12844.820000 120.068400 160.599500 148.894200
12905.790000 120.805600 157.815400 149.615600
12966.750000 119.940700 158.920100 160.941000
13027.640000 109.899500 156.599100 176.829100
13088.530000 114.041800 157.714800 177.278400
13149.510000 97.001500 154.521600 202.876500
13210.520000 107.356000 153.025000 189.899800
13271.440000 120.428800 154.489100 173.353500
13332.440000 123.264900 154.783800 170.751600
13393.360000 124.010000 153.151800 166.204800
13454.320000 128.344700 158.086700 171.205800
13515.290000 128.347800 157.166400 171.467400
13576.250000 119.154500 159.631900 185.612600
13637.220000 107.662800 155.997700 192.859300
13698.150000 124.965900 156.766200 186.249600
13759.040000 124.397300 151.868100 176.895000
13819.930000 121.800300 151.363500 161.078900
13880.860000 125.151700 158.600800 152.718600
13941.820000 124.404800 154.087200 147.938100
14002.830000 119.731100 146.386400 141.417000
14063.830000 108.769900 129.369900 134.026000
14124.760000 104.150500 126.918600 127.455700
14185.650000 111.121400 140.229000 133.322100
14246.540000 108.117500 138.230700 130.335900
14307.440000 123.195300 151.367000 148.254000
14368.360000 130.633500 166.277900 157.057900
14429.320000 123.729600 160.211900 149.025700
14490.330000 127.256900 160.363100 154.457300
14551.320000 127.589000 164.259900 154.276800
14612.250000 129.388500 161.690800 161.883400
14673.220000 125.727800 162.077000 152.465100
14734.140000 125.518600 162.439200 150.974500
14795.030000 136.161000 160.498400 170.385600
14856.010000 132.738900 166.018900 168.434000
14917.000000 130.638700 166.167200 168.292300
14977.990000 128.534400 162.930800 166.283300
15038.960000 126.809000 161.509200 165.179600
15099.920000 121.359000 160.019900 159.063500
15160.920000 117.665400 155.321700 148.588400
15221.930000 119.696000 157.326700 151.173500
15282.880000 115.511300 152.777400 146.477000
15343.890000 117.799900 155.849200 149.746700
15404.850000 124.895500 149.231100 161.542900
15465.850000 116.406500 155.232100 149.989000
15526.810000 112.933200 151.015500 145.577400
15587.770000 116.170000 155.344100 149.653900
15648.660000 114.541100 153.500700 148.923900
15709.630000 114.817700 154.143000 148.642500
15770.560000 118.672000 158.107000 152.356000
15831.500000 112.913600 151.207500 145.050200
15892.460000 114.549900 153.219800 148.594900
15953.360000 112.107900 152.796800 149.416200
16014.320000 110.814300 151.756500 148.410000
16075.330000 113.938700 155.468900 150.208100
16136.330000 120.272900 146.951400 161.312800
16197.340000 122.054600 148.455200 163.186300
16258.350000 118.369000 152.732400 165.379500
16319.310000 117.399500 151.376300 164.599300
16380.320000 116.780000 147.692400 163.914000
16441.280000 115.615800 147.544300 165.868200
16502.170000 112.893700 145.014600 165.138500
16563.060000 114.253700 148.647000 171.040900
16623.990000 118.912500 149.478300 186.252200
16684.960000 91.930600 148.649800 195.533300
16745.960000 93.397800 145.476300 189.776500
16806.930000 87.760200 146.614100 194.023100
16867.890000 88.746600 147.352600 195.945700
16928.890000 87.421000 149.448200 197.661000
16989.900000 91.501700 152.151500 200.553300
17050.860000 88.231000 147.604200 195.627400
17111.790000 87.197200 150.494000 199.254000
17172.750000 85.408800 146.452100 196.161900
17233.680000 88.522900 149.795200 198.918200
17294.670000 88.317300 149.134800 198.090300
17355.690000 91.888600 151.973800 199.935300
17416.650000 95.111800 153.969600 200.291700
17477.570000 92.061700 151.037300 197.829200
17538.500000 121.179500 150.641400 182.723400
17599.460000 113.948600 148.817400 169.334200
17660.470000 116.286700 148.272100 165.769000
17721.390000 119.624000 150.247800 165.261000
17782.290000 122.593100 152.413900 165.621300
17843.230000 120.524900 149.575800 162.280100
17904.230000 120.202100 149.423900 162.332200
17965.190000 124.895300 154.377800 167.275300
18026.120000 121.762500 151.017200 163.868800
18087.090000 115.040800 143.922200 156.454800
18148.090000 119.585000 148.771700 161.898100
18209.080000 121.998600 151.427100 164.786400
18270.010000 121.755700 150.971300 164.363800
18330.900000 121.285400 150.525400 163.393800
18391.840000 123.139600 152.451600 165.438600
18452.800000 122.014900 151.124000 164.197600
18513.730000 118.841400 148.053300 161.452800
18574.650000 118.289300 148.317700 163.510200
18635.660000 117.925300 148.611000 164.866400
18696.620000 121.217000 152.673200 169.772200
18757.540000 119.564200 148.164300 161.479700
18818.430000 122.332300 150.891200 163.862000
18879.410000 121.360300 147.819100 158.925000
18940.380000 122.623100 149.326900 159.068700
19001.320000 119.844400 147.168200 155.379200
19062.250000 115.572300 149.235100 153.162100
19123.140000 119.446200 152.206000 156.584200
19184.070000 121.328700 151.646300 156.067100
19245.060000 127.907800 155.593800 160.234200
19305.990000 125.906900 154.574800 156.947200
19366.990000 119.405700 144.799000 149.752600
19427.950000 118.046300 152.194700 142.779200
19488.840000 122.664300 157.400600 144.940300
19549.840000 118.217200 149.398500 141.186800
19610.850000 121.620300 139.300200 150.647200
19671.810000 117.186700 144.243700 142.577400
19732.740000 128.585700 150.437100 154.351100
19793.740000 123.456200 145.634300 154.124800
19854.710000 112.831300 144.281500 141.441200
19915.640000 123.511800 152.166000 153.535500
19976.630000 123.127200 152.643900 154.441800
20037.560000 122.967000 152.574800 153.548000
20098.500000 122.282500 150.581500 152.614600
20159.510000 125.114200 152.127100 154.898300
20220.520000 129.884800 154.976200 157.816400
20281.470000 129.181600 150.673200 157.078400
20342.450000 131.361600 151.024900 159.564000
20403.370000 132.005300 152.153800 156.379600
20464.350000 133.709200 152.737100 157.769900
20525.340000 131.535300 149.618200 155.273600
20586.340000 128.548500 145.303300 153.145400
20647.350000 129.341400 145.144400 153.665200
20708.340000 132.981000 148.815900 155.352600
20769.350000 132.033300 146.606500 154.201200
20830.320000 133.507800 147.825400 154.711300
20891.320000 142.505400 157.082600 163.735700
20952.330000 137.448400 151.439800 158.544000
21013.340000 133.975000 149.076400 155.895900
21074.340000 125.104800 153.174700 146.922600
21135.340000 131.796300 145.574900 153.115800
21196.340000 132.578800 146.063100 153.951800
21257.350000 135.423200 149.288400 157.138100
21318.310000 129.583000 143.344200 151.375700
21379.270000 127.969100 141.645900 149.174800
21440.170000 136.036000 149.711500 157.383700
21501.070000 134.314300 147.568600 154.600200
21562.050000 127.110900 139.881100 147.185300
21623.050000 128.443800 140.760600 147.549600
21683.980000 130.589400 142.619300 148.899000
21744.960000 126.371800 138.738600 145.188600
21805.960000 127.544000 139.812700 146.525300
21866.960000 133.600300 146.021700 152.242600
21927.890000 133.024500 146.539900 153.219800
21988.800000 137.022600 151.762600 159.979600
22049.770000 131.285200 149.172500 151.658100
22110.690000 131.957100 151.364800 152.904100
22171.580000 132.266200 153.542600 152.153100
22232.560000 127.445100 149.953100 149.210300
22293.480000 120.095700 138.756100 150.743500
22354.480000 121.160900 140.742800 150.976900
22415.450000 131.923700 155.003100 152.362500
22476.460000 123.652100 144.748600 145.477900
22537.390000 127.272100 147.343900 146.866700
22598.330000 132.812500 153.012700 150.121500
22659.340000 129.073600 146.213100 151.016100
22720.270000 125.816300 140.772700 149.141500
22781.190000 126.116500 140.777700 149.406000
22842.080000 123.103100 138.359100 146.554700
22903.060000 122.712900 139.892400 147.940300
22964.070000 119.116900 142.413800 141.867500
23024.990000 119.346300 145.419100 141.756100
23085.990000 115.495100 140.380400 137.894100
23146.960000 111.930500 137.568300 136.309800
23207.890000 111.013500 137.029200 135.830400
23268.800000 111.606400 137.264000 135.344500
23329.800000 109.757600 137.280000 137.794800
23390.690000 114.139000 139.398400 134.924000
23451.580000 124.944000 145.377700 138.347500
23512.560000 120.560600 141.712500 142.388400
23573.480000 123.060100 143.195200 139.991300
23634.380000 127.934500 145.247600 147.412100
23695.270000 118.625800 132.504800 138.804400
23756.200000 113.927300 126.545100 132.057500
23817.140000 105.837100 120.793100 126.573300
23878.140000 99.034400 118.868000 126.792200
23939.150000 111.351400 127.125700 136.453000
24000.090000 108.820400 128.374900 137.768100
24061.090000 100.912600 126.607500 129.478900
24122.080000 101.311000 128.789500 127.241400
24183.010000 96.853500 125.605100 126.944900
24243.980000 98.566200 128.736700 132.490600
24304.990000 92.059700 124.675700 130.246000
24365.910000 89.148900 121.833500 128.568900
24426.910000 91.559800 125.835100 134.267400
24487.830000 92.266000 124.250600 132.914300
24548.810000 93.580500 126.871700 136.867200
24609.730000 96.326200 125.988000 137.956500
24670.700000 89.456300 124.881400 137.681400
24731.630000 89.436000 123.779300 136.308100
24792.620000 78.454400 117.455900 128.490100
24853.570000 74.633500 115.199600 126.136200
24914.570000 80.641800 119.956100 131.473000
24975.580000 80.145100 119.003000 131.291200
25036.590000 67.123600 111.437100 123.902800
25097.600000 62.162900 111.359200 127.432100
25158.530000 74.586300 114.373600 134.670100
25219.450000 97.131700 120.405200 135.910200
25280.460000 105.575200 126.668700 141.187800
25341.410000 108.521700 127.322200 141.480000
25402.410000 107.316400 126.873500 140.720300
25463.400000 78.645500 117.602600 139.220400
25524.380000 65.436500 114.595300 134.736300
25585.310000 92.840100 120.738700 134.830300
25646.230000 114.004400 127.239300 135.536500
25707.120000 105.389300 121.958400 130.983400
25768.050000 99.252900 123.183400 137.182800
25828.990000 87.560600 117.715300 134.184300
25889.950000 97.706300 124.287200 141.320000
25950.940000 98.578500 127.650600 146.441200
26011.920000 92.598900 126.274200 149.755900
26072.930000 90.854500 126.211100 147.444000
26133.930000 90.572300 126.759900 148.492300
26194.860000 89.695300 126.270700 147.872000
26255.860000 89.243800 125.314900 147.694900
26316.850000 89.989300 125.763600 147.745200
26377.840000 89.513900 126.146000 147.803700
26438.770000 87.310100 124.002600 146.402700
26499.750000 85.528300 123.005300 145.565600
26560.680000 83.958900 122.880000 145.847300
26621.650000 81.785800 121.968100 144.804300
26682.580000 80.866800 123.196300 145.007400
26743.550000 77.486200 124.433700 145.640700
26804.560000 79.801800 124.092300 146.097800
26865.490000 79.199200 123.421100 146.028500
26926.470000 76.941100 120.837900 143.797400
26987.390000 77.246100 123.821400 147.215900
27048.380000 84.198200 122.332200 146.698600
27109.280000 81.946800 123.638600 147.455300
27170.250000 83.115900 123.282000 146.013600
27231.180000 81.161800 123.931300 146.834600
27292.100000 78.879800 120.103400 142.515100
27353.070000 84.896200 120.390900 141.659200
27413.990000 80.255600 116.894600 137.020600
27474.930000 70.612900 116.041000 136.707900
27535.890000 68.354600 113.478700 134.949400
27596.790000 83.087300 106.406700 119.338900
27657.730000 77.273900 104.442400 119.716100
27718.670000 78.276900 102.550900 115.330700
27779.670000 79.252000 93.735200 105.182000
27840.640000 67.637900 80.899800 98.792100
27901.600000 62.832200 72.305500 84.586400
27962.570000 62.682000 60.440800 72.665300
28023.500000 49.618900 55.119800 65.900000
28084.440000 38.191500 47.445900 55.628300
28145.410000 32.052700 39.391000 48.557000
28206.380000 13.498800 39.316700 44.089400
28267.300000 16.249400 30.503300 31.581700
28328.280000 22.347200 18.357900 18.897300
28389.210000 9.036100 17.109300 16.777700
28450.170000 28.789000 1.059700 3.195700
28511.140000 18.893000 6.479900 1.111200
28572.110000 6.786800 0.122000 2.013800
28633.070000 2.830300 7.589900 0.021900
28694.080000 0.000000 2.630700 0.028100
28755.040000 0.000000 0.263800 3.155400
28816.000000 0.000000 0.000000 13.371500
28876.920000 0.000000 0.000000 4.697800
28937.920000 0.000000 0.000000 0.551800
28998.910000 0.000000 0.000000 0.000700
29059.880000 0.000000 0.000000 0.000000
29120.810000 0.000000 0.000000 0.000000
29181.700000 0.000000 0.000000 0.000000
29242.640000 0.000000 0.000000 0.000000
29303.650000 0.000000 0.000000 0.000000
29364.590000 0.000000 0.000000 0.000000
29425.590000 0.000000 0.000000 0.000000
29486.590000 0.000000 0.000000 0.000000
29547.520000 0.000000 0.000000 0.000000
29608.490000 0.000000 0.000000 0.000000
29669.420000 0.000000 0.000000 0.000000
29730.400000 0.000000 0.000000 0.000000
29791.400000 0.000000 0.000000 0.000000
29852.400000 0.000000 0.000000 0.000000
29913.370000 0.000000 0.000000 0.000000
29974.310000 0.000000 0.000000 0.000000
30035.310000 0.000000 0.000000 0.000000
30096.280000 0.000000 0.000000 0.000000
30157.290000 0.000000 0.000000 0.000000
30218.270000 0.000000 0.000000 0.000000
30279.200000 0.000000 0.000000 0.000000
30340.210000 0.000000 0.000000 0.000000
30401.130000 0.000000 0.000000 0.000000
30462.020000 0.000000 0.000000 0.000000
30522.920000 0.000000 0.000000 0.000000
30583.890000 0.000000 0.000000 0.000000
30644.810000 0.000000 0.000000 0.000000
30705.700000 0.000000 0.000000 0.000000
30766.680000 0.000000 0.000000 0.000000
30827.660000 0.000000 0.000000 0.000000
30888.660000 0.000000 0.000000 0.000000
30949.620000 0.000000 0.000000 0.000000
31010.620000 0.000000 0.000000 0.000000
31071.610000 0.000000 0.000000 0.000000
31132.610000 0.000000 0.000000 0.000000
