1555905832.47 0.0 0.0 0.0
1555905893.4 0.0 0.0 0.0
1555905954.39 0.0 0.0 0.0
1555906015.4 0.0 0.0 0.0
1555906076.33 0.0 0.0 0.0
1555906137.22 0.0 0.0 0.0
1555906198.11 0.0 0.0 0.0
1555906259.04 0.0 0.0 0.0037000000000000002
1555906319.96 0.0 0.0 0.0
1555906380.86 0.0 0.0 0.0
1555906441.83 0.0 0.0 0.002
1555906502.81 0.0 6.5609000000000002 0.0
1555906563.82 0.0 1.0867 1.8283
1555906624.69 0.00040000000000000002 11.0755 1.8147
1555906685.66 0.056399999999999999 8.8070000000000004 2.2467999999999999
1555906746.58 8.8984000000000005 7.3682999999999996 3.1208
1555906807.53 12.9762 14.281599999999999 9.3724000000000007
1555906868.49 24.744199999999999 11.1182 13.040900000000001
1555906929.5 7.9771999999999998 22.681799999999999 32.310099999999998
1555906990.48 12.739000000000001 25.241499999999998 41.985799999999998
1555907051.49 13.7027 35.734200000000001 51.533900000000003
1555907112.41 23.617000000000001 43.598100000000002 61.6083
1555907173.31 31.361699999999999 51.291800000000002 74.146299999999997
1555907234.23 42.975499999999997 61.192399999999999 83.032499999999999
1555907295.21 55.008000000000003 74.733500000000006 93.856300000000005
1555907356.22 60.608699999999999 86.771600000000007 107.6028
1555907417.15 69.930599999999998 98.215800000000002 118.84829999999999
1555907478.14 80.047399999999996 101.8368 122.92400000000001
1555907539.14 79.243099999999998 107.7439 128.7791
1555907600.13 81.5518 107.5468 127.14879999999999
1555907661.14 86.683199999999999 109.5347 131.9247
1555907722.07 81.006 111.2276 131.96459999999999
1555907783.04 82.679699999999997 115.04040000000001 136.03059999999999
1555907843.97 87.988200000000006 119.4413 141.1378
1555907904.96 89.423599999999993 121.2118 142.1617
1555907965.92 90.295900000000003 120.3634 142.15450000000001
1555908026.86 93.443100000000001 121.07040000000001 142.75460000000001
1555908087.79 94.553899999999999 122.5912 143.7002
1555908148.71 95.5595 125.6422 146.52160000000001
1555908209.67 94.754800000000003 120.1516 140.37440000000001
1555908270.69 94.3001 121.9879 140.7978
1555908331.66 93.903999999999996 120.3866 136.1446
1555908392.59 91.065399999999997 120.876 138.6816
1555908453.52 94.258899999999997 121.6267 139.50919999999999
1555908514.44 97.663799999999995 126.6635 143.01929999999999
1555908575.43 95.862799999999993 125.5793 142.23949999999999
1555908636.41 96.340900000000005 126.2915 142.9117
1555908697.33 93.014200000000002 122.623 138.63999999999999
1555908758.23 96.424499999999995 126.09820000000001 142.4084
1555908819.12 96.616 126.2193 142.1353
1555908880.05 96.607299999999995 126.62479999999999 142.24100000000001
1555908941.01 95.913200000000003 125.6893 141.54400000000001
1555909001.98 96.994399999999999 126.4528 141.64609999999999
1555909062.99 96.346199999999996 126.2056 141.35220000000001
1555909123.96 95.806200000000004 126.13 141.07640000000001
1555909184.96 96.487300000000005 126.7068 140.9616
1555909245.88 97.227500000000006 126.7616 140.3937
1555909306.86 96.948700000000002 126.6168 140.44239999999999
1555909367.87 95.612899999999996 126.0877 139.49340000000001
1555909428.88 96.045299999999997 126.4204 139.37739999999999
1555909489.88 98.009600000000006 128.20269999999999 140.70079999999999
1555909550.81 97.1297 128.37809999999999 140.27250000000001
1555909611.74 94.944000000000003 125.9855 137.5188
1555909672.63 94.104299999999995 124.4487 135.4256
1555909733.62 92.843400000000003 124.6807 134.9496
1555909794.55 93.161199999999994 124.6865 134.4333
1555909855.47 94.694299999999998 126.01519999999999 135.4693
1555909916.36 95.141300000000001 126.46720000000001 135.7551
1555909977.34 93.635099999999994 125.5729 134.10599999999999
1555910038.35 93.475499999999997 125.813 134.41999999999999
1555910099.33 93.773899999999998 126.4632 135.2364
1555910160.33 95.055400000000006 127.8489 136.2979
1555910221.3 95.888400000000004 128.21299999999999 136.27019999999999
1555910282.23 95.053200000000004 128.03309999999999 136.1515
1555910343.17 95.263300000000001 128.1832 136.2139
1555910404.11 96.286600000000007 128.94130000000001 136.33959999999999
1555910465.12 94.9572 127.2662 135.15309999999999
1555910526.12 96.321399999999997 128.5855 135.9992
1555910587.13 97.528300000000002 130.29929999999999 137.82769999999999
1555910648.14 98.599500000000006 132.03620000000001 140.57140000000001
1555910709.15 95.521299999999997 127.5775 135.2978
1555910770.12 95.928100000000001 128.3723 136.05109999999999
1555910831.13 97.001999999999995 129.3879 137.3963
1555910892.09 98.293899999999994 129.91849999999999 138.3665
1555910953.07 98.322900000000004 131.33420000000001 138.71270000000001
1555911014.07 99.098799999999997 131.78559999999999 139.9725
1555911075.0 95.795900000000003 127.4483 135.34379999999999
1555911135.98 95.620500000000007 127.85769999999999 135.69710000000001
1555911196.94 97.905199999999994 131.05260000000001 139.09960000000001
1555911257.83 97.248699999999999 130.21379999999999 138.23480000000001
1555911318.76 98.626300000000001 130.6437 138.85749999999999
1555911379.68 99.235399999999998 131.27340000000001 139.684
1555911440.69 98.601799999999997 131.25389999999999 139.8656
1555911501.65 100.1533 131.4479 139.88900000000001
1555911562.58 100.3741 133.50040000000001 142.47309999999999
1555911623.5 101.02070000000001 133.52459999999999 142.67330000000001
1555911684.45 101.0587 134.1576 143.2456
1555911745.4 101.26519999999999 134.00239999999999 143.3844
1555911806.38 102.3982 135.33709999999999 144.83699999999999
1555911867.38 100.3466 132.9983 142.34190000000001
1555911928.38 103.1651 136.75190000000001 146.48599999999999
1555911989.39 103.45869999999999 136.96270000000001 146.88069999999999
1555912050.4 100.083 132.28890000000001 141.91
1555912111.32 101.59269999999999 132.96709999999999 143.01820000000001
1555912172.22 100.9701 133.60990000000001 143.02369999999999
1555912233.14 100.62430000000001 133.12029999999999 142.38480000000001
1555912294.12 100.86620000000001 133.3991 142.8331
1555912355.12 101.2086 133.7311 143.17439999999999
1555912416.13 102.383 135.15940000000001 144.74090000000001
1555912477.14 102.85809999999999 135.6455 145.309
1555912538.08 103.009 135.72640000000001 145.11660000000001
1555912598.99 103.46129999999999 136.35210000000001 145.8177
1555912659.93 104.3047 136.37960000000001 145.55860000000001
1555912720.94 104.8313 136.1695 146.19900000000001
1555912781.9 105.0712 137.78999999999999 147.4272
1555912842.9 105.28189999999999 137.98419999999999 147.52549999999999
1555912903.82 106.0946 138.98740000000001 148.6097
1555912964.8 106.5508 139.94489999999999 149.9392
1555913025.8 103.7033 136.31200000000001 145.15799999999999
1555913086.73 104.2903 137.3124 146.1294
1555913147.7 102.9525 134.1508 143.83160000000001
1555913208.71 105.53919999999999 138.11019999999999 147.8629
1555913269.67 105.589 138.2518 148.07380000000001
1555913330.65 105.5384 138.04239999999999 147.97640000000001
1555913391.58 106.60590000000001 139.19929999999999 149.22389999999999
1555913452.56 105.5291 138.59889999999999 148.48509999999999
1555913513.48 106.1892 139.459 148.83519999999999
1555913574.46 106.9799 139.7824 149.4051
1555913635.43 103.9072 136.83670000000001 146.09950000000001
1555913696.4 108.937 142.14750000000001 152.5821
1555913757.39 109.8312 142.9624 152.75640000000001
1555913818.36 109.63420000000001 142.85220000000001 152.61019999999999
1555913879.26 109.9812 143.393 154.05279999999999
1555913940.19 110.8068 144.65969999999999 154.60059999999999
1555914001.17 110.3501 143.76400000000001 154.4888
1555914062.09 111.56829999999999 145.0574 155.17019999999999
1555914123.02 112.16849999999999 145.65969999999999 155.91419999999999
1555914183.94 110.7706 144.7962 155.70920000000001
1555914244.9 112.2642 145.87270000000001 156.18729999999999
1555914305.88 111.9766 145.27610000000001 155.51779999999999
1555914366.89 112.7449 146.0591 156.37629999999999
1555914427.85 113.4367 146.86060000000001 157.2022
1555914488.74 114.1592 148.0445 158.3997
1555914549.72 110.69840000000001 143.8228 154.4597
1555914610.69 110.75449999999999 143.24189999999999 152.82730000000001
1555914671.66 109.4425 142.292 152.5701
1555914732.58 110.4971 143.50899999999999 152.57339999999999
1555914793.47 110.4953 144.1275 154.16040000000001
1555914854.45 109.601 143.3203 153.33500000000001
1555914915.37 110.55710000000001 143.82060000000001 154.14840000000001
1555914976.37 111.7032 144.26230000000001 155.63650000000001
1555915037.36 108.4943 144.15549999999999 154.15770000000001
1555915098.38 110.0057 144.58770000000001 154.86619999999999
1555915159.37 110.29600000000001 145.16229999999999 156.15770000000001
1555915220.38 110.5154 145.57929999999999 158.22649999999999
1555915281.39 109.7908 144.55549999999999 155.72300000000001
1555915342.31 112.33629999999999 146.8289 159.03200000000001
1555915403.31 111.3719 146.0454 157.1559
1555915464.23 102.82510000000001 147.11750000000001 162.05690000000001
1555915525.21 106.9872 148.27950000000001 169.5977
1555915586.19 90.793099999999995 146.66810000000001 192.8741
1555915647.2 87.383300000000006 147.322 197.34100000000001
1555915708.17 88.732699999999994 147.36879999999999 197.5942
1555915769.15 87.454899999999995 146.37219999999999 196.43129999999999
1555915830.12 88.607600000000005 146.88489999999999 197.03579999999999
1555915891.13 88.604900000000001 147.7099 197.45779999999999
1555915952.09 88.7864 147.96459999999999 198.46530000000001
1555916013.07 88.137699999999995 146.84800000000001 196.84729999999999
1555916074.04 88.521600000000007 147.494 197.43780000000001
1555916134.98 89.120199999999997 148.3108 197.85570000000001
1555916195.91 89.814999999999998 147.40889999999999 197.0985
1555916256.83 90.454599999999999 148.3631 198.10230000000001
1555916317.81 91.111999999999995 148.93109999999999 198.59030000000001
1555916378.73 91.542900000000003 148.00139999999999 198.1311
1555916439.71 93.475999999999999 150.84719999999999 200.20189999999999
1555916500.72 94.072299999999998 151.47710000000001 200.46340000000001
1555916561.62 93.931399999999996 151.90170000000001 201.6001
1555916622.63 94.488600000000005 152.62270000000001 201.9915
1555916683.6 92.385400000000004 150.94560000000001 199.95400000000001
1555916744.56 93.301299999999998 152.1918 201.82140000000001
1555916805.35 93.727199999999996 151.24539999999999 200.23699999999999
1555916866.27 95.048000000000002 151.84460000000001 201.14930000000001
1555916927.2 94.691699999999997 152.11349999999999 201.42330000000001
1555916988.17 95.379300000000001 152.8587 201.5932
1555917049.1 92.277500000000003 149.3682 198.75620000000001
1555917110.02 92.622100000000003 149.69149999999999 198.99940000000001
1555917171.0 91.260199999999998 147.8732 196.4864
1555917232.01 91.431399999999996 148.39410000000001 197.1413
1555917292.93 92.231399999999994 149.17400000000001 198.3218
1555917353.82 94.022800000000004 151.8698 200.80000000000001
1555917414.72 92.587500000000006 149.91659999999999 198.62389999999999
1555917475.64 90.504900000000006 146.65520000000001 194.93279999999999
1555917536.64 91.625900000000001 147.18129999999999 196.08949999999999
1555917597.63 90.603499999999997 147.09690000000001 195.46369999999999
1555917658.56 90.063299999999998 147.02500000000001 195.19839999999999
1555917719.53 91.930300000000003 149.8545 198.4735
1555917780.46 90.209000000000003 147.66890000000001 196.59690000000001
1555917841.46 90.839500000000001 148.57579999999999 197.4726
1555917902.38 91.479100000000003 148.88310000000001 197.62530000000001
1555917963.37 90.242099999999994 146.82380000000001 195.22300000000001
1555918024.37 91.671000000000006 149.46090000000001 198.39410000000001
1555918350.48 89.710099999999997 150.6421 200.41579999999999
1555918411.49 91.390799999999999 148.8657 196.29650000000001
1555918472.42 93.770799999999994 151.09520000000001 198.87430000000001
1555918533.36 94.706599999999995 152.10769999999999 199.8338
1555918594.32 97.861599999999996 149.87440000000001 194.43260000000001
1555918655.29 93.081599999999995 150.26679999999999 196.64609999999999
1555918716.22 95.240200000000002 152.6446 200.02979999999999
1555918777.19 91.912700000000001 148.6773 195.3768
1555918838.17 92.409099999999995 149.29580000000001 196.0445
1555918899.18 100.08669999999999 150.15549999999999 192.65270000000001
1555918960.14 95.750600000000006 152.92939999999999 200.0394
1555919021.06 102.60939999999999 148.7801 191.0753
1555919082.05 92.908600000000007 148.82400000000001 195.06110000000001
1555919143.06 106.1189 152.44239999999999 194.16239999999999
1555919204.03 97.041899999999998 149.51249999999999 193.43719999999999
1555919264.97 93.6845 149.86590000000001 196.5187
1555919325.98 115.2619 151.8991 191.50149999999999
1555919386.98 98.825100000000006 150.94589999999999 194.80240000000001
1555919447.99 114.2488 152.65940000000001 192.01580000000001
1555919509.0 98.522000000000006 151.3905 195.6961
1555919570.01 98.890500000000003 151.70779999999999 195.7227
1555919630.98 101.99850000000001 150.12309999999999 193.03790000000001
1555919691.99 97.589399999999998 153.17490000000001 198.44030000000001
1555919752.99 100.5538 150.7825 193.95249999999999
1555919814.0 97.105199999999996 151.7088 197.00819999999999
1555919875.01 98.183099999999996 152.149 196.46690000000001
1555919935.95 100.3505 152.3236 195.76329999999999
1555919996.89 111.8651 151.44149999999999 191.80350000000001
1555920057.82 123.1673 151.76410000000001 184.10419999999999
1555920118.83 117.4285 154.7638 193.84030000000001
1555920179.8 115.17829999999999 152.256 191.08709999999999
1555920240.76 98.512900000000002 150.89689999999999 195.09530000000001
1555920301.65 108.4173 152.11490000000001 190.81870000000001
1555920362.62 106.2303 154.7276 197.32679999999999
1555920423.58 101.83580000000001 152.30680000000001 194.1497
1555920484.55 99.892300000000006 153.0401 196.72450000000001
1555920545.53 120.9254 148.8433 180.83009999999999
1555920606.54 100.90949999999999 145.58269999999999 186.6473
1555920667.54 96.439700000000002 142.98480000000001 183.51820000000001
1555920728.52 111.18859999999999 150.6865 190.1198
1555920789.48 115.3177 154.3065 193.32669999999999
1555920850.4 129.41210000000001 155.64830000000001 190.63749999999999
1555920911.29 125.0611 156.15119999999999 192.8845
1555920972.25 115.2235 155.68360000000001 195.9126
1555921033.21 127.49850000000001 153.8991 187.2722
1555921094.14 117.62220000000001 153.74969999999999 192.1866
1555921155.1 122.74720000000001 154.59960000000001 191.4821
1555921216.06 122.2274 153.87540000000001 179.54060000000001
1555921276.99 129.21950000000001 156.24879999999999 187.5676
1555921337.96 125.6254 155.48390000000001 184.0745
1555921398.89 121.8549 152.81649999999999 178.8595
1555921459.83 127.3049 156.7422 186.08459999999999
1555921520.79 127.6365 154.70349999999999 185.37360000000001
1555921581.73 115.00409999999999 153.66929999999999 187.40209999999999
1555921642.74 122.81440000000001 151.76949999999999 184.36000000000001
1555921703.75 123.3554 152.3663 185.24870000000001
1555921764.71 122.5966 152.8322 186.18199999999999
1555921825.6 121.2696 149.28309999999999 177.95570000000001
1555921886.56 120.1609 150.2184 175.52979999999999
1555921947.49 115.16970000000001 148.48609999999999 167.75710000000001
1555922008.42 121.34480000000001 150.4059 177.9982
1555922069.38 117.024 148.9134 171.94730000000001
1555922130.31 120.79219999999999 150.7544 176.7817
1555922191.2 119.50960000000001 149.93369999999999 174.9579
1555922252.2 123.89279999999999 152.39709999999999 180.97309999999999
1555922313.14 116.2544 156.578 163.9821
1555922374.15 121.8103 158.54599999999999 176.70419999999999
1555922435.11 116.5097 154.40809999999999 165.9967
1555922496.11 113.0622 151.55289999999999 160.82689999999999
1555922557.1 117.42740000000001 155.47620000000001 167.09139999999999
1555922618.07 118.0986 158.7047 164.8348
1555922679.08 116.6267 153.48330000000001 165.7988
1555922740.01 113.2373 153.22450000000001 158.3553
1555922800.94 121.14870000000001 157.7037 171.63300000000001
1555922861.9 120.7697 155.34309999999999 171.21340000000001
1555922922.9 118.3155 158.06229999999999 165.4032
1555922983.82 115.38500000000001 155.06800000000001 159.22919999999999
1555923044.72 115.8978 155.77590000000001 159.22630000000001
1555923105.69 115.9717 156.21690000000001 159.02760000000001
1555923166.67 115.78749999999999 156.06950000000001 159.69409999999999
1555923227.63 115.4397 153.2775 161.93279999999999
1555923288.63 115.3943 153.52940000000001 161.1354
1555923349.59 120.7958 158.1259 169.06790000000001
1555923410.53 115.8189 151.94409999999999 163.46559999999999
1555923471.49 113.60129999999999 151.46260000000001 158.1011
1555923532.42 115.3378 152.3262 160.92449999999999
1555923593.43 116.8509 156.12629999999999 160.3501
1555923654.36 112.5827 151.84739999999999 153.4588
1555923715.31 117.60290000000001 156.34630000000001 160.51519999999999
1555923776.28 114.9175 153.43520000000001 155.78800000000001
1555923837.25 118.7992 157.6489 158.51050000000001
1555923898.25 115.8488 154.07259999999999 154.9265
1555923959.14 115.30549999999999 153.74469999999999 154.96879999999999
1555924020.08 115.6725 153.71119999999999 158.7807
1555924081.04 115.44280000000001 153.6532 158.3459
1555924141.96 116.673 154.3056 160.49639999999999
1555924202.95 116.13509999999999 154.49109999999999 157.79079999999999
1555924263.95 116.6353 154.45359999999999 160.86330000000001
1555924324.92 119.00709999999999 157.9622 161.5461
1555924385.89 113.5532 151.55260000000001 153.3486
1555924446.88 119.1662 156.84819999999999 160.94990000000001
1555924507.77 115.0081 152.8648 152.96600000000001
1555924568.67 116.6664 153.65989999999999 154.19130000000001
1555924629.64 117.0791 154.5264 153.42959999999999
1555924690.62 118.10980000000001 155.39009999999999 154.18270000000001
1555924751.54 118.4319 155.6463 154.4066
1555924812.52 115.1665 151.8776 149.70830000000001
1555924873.53 119.7175 156.85339999999999 155.5651
1555924934.49 117.1026 153.58459999999999 151.8715
1555924995.38 117.75700000000001 154.36109999999999 150.9992
1555925056.3 118.5033 154.76259999999999 151.87960000000001
1555925117.19 122.4726 159.5412 155.91309999999999
1555925178.09 123.1388 160.0532 156.6095
1555925239.06 120.3522 156.63980000000001 152.84110000000001
1555925300.07 116.3348 153.00290000000001 148.1892
1555925361.08 121.1973 157.35480000000001 153.34999999999999
1555925422.09 122.1027 158.58150000000001 154.27279999999999
1555925483.06 119.4898 155.185 150.6951
1555925544.02 119.6443 155.63579999999999 150.2193
1555925604.99 116.45050000000001 152.0258 147.1515
1555925665.97 121.3969 157.55199999999999 151.6918
1555925726.9 122.0641 157.88149999999999 152.77369999999999
1555925787.88 118.517 154.322 148.13460000000001
1555925848.82 114.4888 150.9213 144.2166
1555925909.74 115.6794 151.59059999999999 144.80869999999999
1555925970.63 122.7213 161.2319 153.42160000000001
1555926031.53 116.8412 152.67830000000001 145.6232
1555926092.45 121.7645 158.20750000000001 151.1721
1555926153.42 118.7114 154.56700000000001 147.41929999999999
1555926214.43 119.6999 155.37190000000001 147.9939
1555926275.41 122.9816 161.07419999999999 152.8252
1555926336.31 123.3854 162.53790000000001 152.58500000000001
1555926397.26 115.85209999999999 153.6455 143.97219999999999
1555926458.16 116.5048 154.85329999999999 144.9862
1555926519.08 117.4953 154.7268 145.797
1555926580.04 120.9509 160.5703 149.88919999999999
1555926640.97 117.5239 156.27539999999999 145.41290000000001
1555926701.94 122.6139 162.28110000000001 150.50919999999999
1555926762.92 119.2971 158.26329999999999 146.3099
1555926823.93 120.43219999999999 159.7841 147.57140000000001
1555926884.89 121.53189999999999 161.10830000000001 148.57599999999999
1555926945.82 118.7206 157.27209999999999 145.0419
1555927006.78 118.1442 156.95009999999999 144.1662
1555927067.76 118.96980000000001 157.46039999999999 145.27250000000001
1555927128.75 120.2413 157.76859999999999 146.10570000000001
1555927189.76 124.8087 164.06110000000001 151.4598
1555927250.73 125.2495 164.49629999999999 152.04759999999999
1555927311.69 125.6031 164.7517 152.19220000000001
1555927372.61 118.6705 156.59630000000001 144.291
1555927433.56 124.0129 162.7157 149.7516
1555927494.53 122.6275 161.60640000000001 148.79169999999999
1555927555.54 121.93300000000001 160.7157 149.19730000000001
1555927616.5 122.74250000000001 161.90520000000001 149.52379999999999
1555927677.39 123.6823 162.8116 150.3356
1555927738.38 120.1831 158.0121 145.98310000000001
1555927799.37 125.6978 164.27590000000001 151.3314
1555927860.3 122.4041 160.4161 147.59460000000001
1555927921.19 123.2022 160.3511 147.33920000000001
1555927982.08 118.6058 155.1782 142.1703
1555928043.05 123.1497 161.04509999999999 148.04409999999999
1555928103.98 122.8523 161.1234 147.5427
1555928164.94 122.0099 159.85810000000001 147.93969999999999
1555928225.94 120.26900000000001 158.92570000000001 146.92590000000001
1555928286.92 124.047 162.904 151.2501
1555928347.88 123.3039 162.6849 150.3981
1555928408.85 120.45059999999999 158.50829999999999 145.65119999999999
1555928469.78 120.3813 158.53989999999999 145.92850000000001
1555928530.77 119.44540000000001 158.12610000000001 145.90000000000001
1555928591.75 125.3279 164.17789999999999 152.50880000000001
1555928652.67 119.8931 158.80879999999999 146.63290000000001
1555928713.57 121.01139999999999 159.75409999999999 147.50800000000001
1555928774.51 116.17910000000001 154.59049999999999 142.24420000000001
1555928835.47 115.5976 154.57060000000001 141.762
1555928896.39 117.1827 156.07560000000001 142.96889999999999
1555928957.33 120.1812 159.4034 147.55080000000001
1555929018.34 122.8875 162.66309999999999 151.5059
1555929079.31 122.9053 162.49100000000001 152.21039999999999
1555929140.26 124.12479999999999 164.3484 152.39240000000001
1555929201.18 120.09229999999999 158.67429999999999 147.21250000000001
1555929262.16 119.3742 158.02680000000001 146.77449999999999
1555929323.13 123.96899999999999 163.2088 151.93090000000001
1555929384.08 121.5339 160.04820000000001 148.42769999999999
1555929445.08 120.86790000000001 159.95509999999999 146.69749999999999
1555929506.01 120.1542 159.22460000000001 146.8374
1555929567.01 124.7333 162.98580000000001 151.59389999999999
1555929628.02 124.4833 163.9802 150.8381
1555929689.03 123.2319 163.11199999999999 149.8323
1555929750.04 124.6438 163.79130000000001 151.47200000000001
1555929811.04 123.6253 162.3905 150.01689999999999
1555929872.05 125.02800000000001 161.7826 150.27780000000001
1555929933.06 121.437 156.29769999999999 145.6113
1555929994.01 125.9037 165.32050000000001 151.1788
1555930055.01 121.1636 160.33670000000001 145.7013
1555930115.9 126.5192 166.3579 151.6387
1555930176.82 120.99169999999999 160.4091 145.67779999999999
1555930237.71 122.5317 160.40799999999999 147.52420000000001
1555930298.61 121.4038 160.88800000000001 146.9862
1555930359.6 125.51600000000001 165.4435 152.01519999999999
1555930420.6 121.94580000000001 159.4117 147.28100000000001
1555930481.6 117.5941 155.0224 142.14009999999999
1555930542.52 123.5814 160.28389999999999 147.73339999999999
1555930603.52 119.0077 154.7585 142.61779999999999
1555930664.49 123.67740000000001 160.74160000000001 147.8263
1555930725.47 124.7392 161.49379999999999 149.49969999999999
1555930786.42 125.29000000000001 162.88720000000001 148.28190000000001
1555930847.35 120.77209999999999 158.52199999999999 145.3964
1555930908.31 119.64279999999999 158.2895 143.6481
1555930969.23 124.2482 163.5008 149.78460000000001
1555931030.16 123.8807 162.98599999999999 149.19990000000001
1555931091.12 120.52670000000001 158.12010000000001 144.50819999999999
1555931152.04 124.2255 163.24940000000001 149.2176
1555931213.02 123.4554 160.58260000000001 148.15360000000001
1555931273.95 124.5642 162.1825 148.6403
1555931334.92 120.7649 157.66460000000001 144.84209999999999
1555931395.85 121.94629999999999 158.63509999999999 144.99610000000001
1555931456.81 124.55110000000001 160.38839999999999 146.23480000000001
1555931517.82 121.9419 156.22409999999999 142.81899999999999
1555931578.8 123.52209999999999 157.1292 144.0823
1555931639.81 123.2525 156.941 144.19110000000001
1555931700.71 123.3905 157.9255 144.35220000000001
1555931761.67 124.9053 158.798 145.68969999999999
1555931822.65 125.4353 159.3262 146.18010000000001
1555931883.57 124.9204 159.16579999999999 145.489
1555931944.5 125.24930000000001 159.3373 145.59780000000001
1555932005.49 121.05410000000001 154.50149999999999 140.5693
1555932066.38 120.50749999999999 153.7106 140.59049999999999
1555932127.35 123.9961 157.8117 144.4333
1555932188.32 128.7919 162.75819999999999 149.0309
1555932249.29 126.26139999999999 158.95840000000001 145.77109999999999
1555932310.18 125.8305 159.1514 146.0547
1555932371.08 123.3128 154.78540000000001 141.65899999999999
1555932431.97 126.1037 157.72040000000001 142.93020000000001
1555932492.89 123.58110000000001 155.57169999999999 143.54329999999999
1555932553.87 126.2829 155.90629999999999 144.0205
1555932614.79 129.30330000000001 159.4973 146.91069999999999
1555932675.68 130.3449 160.26480000000001 148.0384
1555932736.58 129.27860000000001 159.6558 147.1157
1555932797.58 123.2099 152.79820000000001 140.47890000000001
1555932858.51 129.11959999999999 159.00749999999999 147.09119999999999
1555932919.47 122.6713 154.4143 140.91569999999999
1555932980.39 122.5488 157.0318 144.78999999999999
1555933041.29 123.6987 160.13910000000001 148.83789999999999
1555933102.28 131.9607 161.28129999999999 150.93049999999999
1555933163.28 127.3822 154.3013 142.61109999999999
1555933224.25 126.82380000000001 153.70079999999999 141.44810000000001
1555933285.21 131.10890000000001 156.54320000000001 143.36760000000001
1555933346.18 126.9731 150.96680000000001 137.393
1555933407.15 116.4522 138.13059999999999 128.68559999999999
1555933468.13 121.2192 144.21709999999999 131.77709999999999
1555933529.15 130.99959999999999 153.82259999999999 142.32249999999999
1555933590.12 133.71190000000001 158.60470000000001 144.6369
1555933651.06 130.40979999999999 158.40860000000001 142.71870000000001
1555933712.07 135.35290000000001 165.28190000000001 146.77510000000001
1555933773.04 131.24930000000001 160.2595 142.60220000000001
1555933833.97 129.90350000000001 158.285 141.7422
1555933894.9 131.88669999999999 158.11859999999999 145.03219999999999
1555933955.87 130.4616 159.20509999999999 142.6798
1555934016.88 133.42859999999999 160.7835 145.47620000000001
1555934077.86 135.0513 161.09899999999999 146.3407
1555934138.82 131.3509 156.81270000000001 142.18090000000001
1555934199.71 129.7962 153.49250000000001 139.0264
1555934260.6 127.5675 153.36539999999999 136.51320000000001
1555934321.57 130.4796 156.0155 143.2474
1555934382.52 131.16800000000001 157.477 140.68350000000001
1555934443.52 137.2706 161.59719999999999 144.35560000000001
1555934504.41 136.482 157.72489999999999 142.55500000000001
1555934565.38 138.8263 154.60429999999999 144.6294
1555934626.31 133.53970000000001 156.7251 144.1259
1555934687.29 124.4659 149.47389999999999 136.73439999999999
1555934748.29 128.3562 151.80000000000001 140.39609999999999
1555934809.22 135.7123 159.74940000000001 145.77359999999999
1555934870.11 139.1037 163.2166 146.6448
1555934931.09 123.9072 150.8947 139.79400000000001
1555934992.09 120.7191 148.98929999999999 137.76070000000001
1555935053.1 131.81620000000001 158.3554 144.7578
1555935114.03 135.40629999999999 161.61920000000001 143.3964
1555935175.01 132.9675 160.79949999999999 141.87469999999999
1555935236.01 131.09620000000001 158.82669999999999 140.3424
1555935296.95 133.66409999999999 159.61009999999999 144.82060000000001
1555935357.92 133.16399999999999 156.25 140.52420000000001
1555935418.91 133.19479999999999 156.99529999999999 141.91550000000001
1555935479.91 130.6216 155.9229 143.95349999999999
1555935540.92 116.5859 145.18969999999999 134.78049999999999
1555935601.92 126.8065 153.756 140.3289
1555935662.93 138.45840000000001 163.78380000000001 145.9325
1555935723.86 145.70269999999999 169.79589999999999 151.90289999999999
1555935784.82 136.09809999999999 161.89580000000001 147.57149999999999
1555935845.79 136.25630000000001 163.29560000000001 148.5789
1555935906.75 139.29839999999999 161.23429999999999 150.8417
1555935967.65 133.1883 159.6609 145.54419999999999
1555936028.57 140.57820000000001 166.91139999999999 153.93690000000001
1555936089.57 134.8398 160.6653 142.85149999999999
1555936150.57 138.3398 164.101 146.59899999999999
1555936211.46 132.78569999999999 157.9434 140.63829999999999
1555936272.44 130.82400000000001 156.56780000000001 137.5068
1555936333.36 132.12200000000001 157.18979999999999 141.2483
1555936394.34 132.91380000000001 157.1918 138.6251
1555936455.27 127.9246 151.39599999999999 139.654
1555936516.24 122.155 149.1446 137.8357
1555936577.25 115.01690000000001 144.7979 133.5615
1555936638.17 129.50890000000001 154.4331 141.73609999999999
1555936699.07 129.53880000000001 153.00559999999999 140.7097
1555936760.01 134.3492 160.5189 147.4485
1555936821.02 137.40299999999999 164.41820000000001 149.9512
1555936881.94 135.31890000000001 165.9007 152.3314
1555936942.92 136.70410000000001 164.0367 149.13849999999999
1555937003.92 133.6679 160.74100000000001 145.7936
1555937064.9 136.4982 162.62880000000001 149.1808
1555937125.79 133.5274 160.1764 147.1403
1555937186.77 135.7373 160.90770000000001 147.96719999999999
1555937247.74 132.57570000000001 157.73320000000001 144.33410000000001
1555937308.67 131.2501 157.52289999999999 144.3022
1555937369.6 139.8416 163.78890000000001 149.88470000000001
1555937430.57 139.69130000000001 165.49610000000001 149.63890000000001
1555937491.5 139.06829999999999 165.64279999999999 149.71539999999999
1555937552.49 139.01159999999999 164.2397 147.9494
1555937613.48 140.6139 164.86869999999999 149.41239999999999
1555937674.45 132.3485 157.1491 144.3989
1555937735.46 127.71299999999999 152.5985 140.65039999999999
1555937796.43 127.66 154.42349999999999 142.137
1555937857.39 130.7997 156.38380000000001 143.6558
1555937918.37 131.0472 156.70500000000001 143.31110000000001
1555937979.29 129.44069999999999 155.58099999999999 141.79130000000001
1555938040.19 127.89230000000001 154.0985 139.4442
1555938101.18 139.4675 159.43709999999999 148.06129999999999
1555938162.11 134.26939999999999 163.26660000000001 149.38059999999999
1555938223.1 135.09520000000001 160.27549999999999 144.239
1555938284.07 136.92009999999999 163.72290000000001 148.0849
1555938345.08 137.28639999999999 157.73320000000001 146.09139999999999
1555938406.08 132.8227 159.46899999999999 145.71350000000001
1555938467.07 134.0487 158.89660000000001 145.0489
1555938528.0 134.04220000000001 157.27969999999999 144.42500000000001
1555938588.99 135.63339999999999 154.99789999999999 145.65270000000001
1555938649.93 123.9614 152.32509999999999 138.81479999999999
1555938710.9 126.9113 153.54750000000001 138.5642
1555938771.91 131.7784 158.6191 143.36009999999999
1555938832.92 137.5915 161.84700000000001 147.2773
1555938893.88 137.89670000000001 164.0564 148.91480000000001
1555938954.78 136.17240000000001 163.71780000000001 148.21299999999999
1555939015.7 134.8775 157.39250000000001 147.19579999999999
1555939076.66 131.59620000000001 158.8922 145.43379999999999
1555939137.59 133.85550000000001 160.7756 146.11930000000001
1555939198.56 132.07169999999999 159.23150000000001 140.79929999999999
1555939259.49 134.27889999999999 160.8758 142.41390000000001
1555939320.46 136.01589999999999 163.8426 144.5147
1555939381.39 132.73269999999999 160.1728 143.1857
1555939442.28 131.0179 158.32769999999999 142.29769999999999
1555939503.2 128.6611 156.12389999999999 141.8398
1555939564.09 130.81379999999999 156.57830000000001 143.75819999999999
1555939625.07 133.79990000000001 158.251 142.60059999999999
1555939685.99 126.6861 151.7483 139.17779999999999
1555939746.97 132.07429999999999 157.29750000000001 143.2689
1555939807.89 133.05779999999999 153.66560000000001 142.2792
1555939868.79 131.25790000000001 158.18199999999999 144.43899999999999
1555939929.75 131.79759999999999 159.1748 143.6669
1555939990.68 130.35550000000001 157.05099999999999 141.77250000000001
1555940051.64 128.57679999999999 157.8974 142.37430000000001
1555940112.58 130.41380000000001 158.49590000000001 142.95480000000001
1555940173.55 128.20760000000001 157.14429999999999 141.65209999999999
1555940234.48 127.2427 156.42930000000001 139.7311
1555940295.37 123.3973 155.4195 139.37870000000001
1555940356.31 125.87 157.55590000000001 140.8253
1555940417.32 127.9072 160.08260000000001 143.2645
1555940478.32 128.2422 161.25059999999999 143.87270000000001
1555940539.33 131.37870000000001 159.77600000000001 143.18389999999999
1555940600.34 136.5651 162.75120000000001 145.887
1555940661.3 127.5853 157.95070000000001 141.16560000000001
1555940722.27 129.22569999999999 159.57259999999999 143.49350000000001
1555940783.2 129.9212 159.52070000000001 143.55080000000001
1555940844.09 132.51400000000001 161.70760000000001 144.745
1555940905.07 129.3374 161.5719 144.58170000000001
1555940965.99 127.7621 161.74250000000001 144.66409999999999
1555941026.99 133.23410000000001 162.08009999999999 148.29320000000001
1555941087.88 128.06700000000001 162.13849999999999 144.0787
1555941148.82 127.6033 161.72110000000001 144.4992
1555941209.83 129.84399999999999 162.2448 144.73159999999999
1555941270.79 131.29939999999999 164.43039999999999 147.87870000000001
1555941331.68 131.63509999999999 165.6617 147.92830000000001
1555941392.65 129.6319 163.9485 145.66800000000001
1555941453.58 129.2518 160.2141 143.77449999999999
1555941514.54 129.4588 160.9873 144.65690000000001
1555941575.5 138.215 166.3802 149.10079999999999
1555941636.49 133.34530000000001 162.5986 146.75470000000001
1555941697.46 140.4796 168.84540000000001 152.4282
1555941758.47 135.12139999999999 162.75149999999999 147.0763
1555941819.45 135.13079999999999 163.02010000000001 148.22130000000001
1555941880.42 132.91499999999999 160.35400000000001 146.13319999999999
1555941941.38 132.1208 160.29220000000001 146.44210000000001
1555942002.3 135.1985 163.39439999999999 148.23779999999999
1555942063.2 139.1831 167.5976 152.9263
1555942124.07 127.5395 154.97659999999999 142.33439999999999
1555942185.05 131.15110000000001 159.3322 145.59309999999999
1555942246.06 140.3004 166.25229999999999 150.38130000000001
1555942307.03 124.6673 156.36369999999999 140.4624
1555942368.04 133.43100000000001 163.67869999999999 146.6155
1555942429.01 126.72799999999999 157.99440000000001 141.78039999999999
1555942490.0 132.63999999999999 163.15629999999999 145.7687
1555942550.92 135.72049999999999 168.39070000000001 151.06549999999999
1555942611.89 131.4477 160.86269999999999 143.9034
1555942672.81 126.9602 158.23249999999999 141.8391
1555942733.73 122.7199 156.64330000000001 140.6207
1555942794.73 126.41630000000001 159.6414 142.1499
1555942855.72 140.2928 171.0849 153.566
1555942916.69 134.77260000000001 163.5429 147.7766
1555942977.67 132.72120000000001 162.2201 147.54669999999999
1555943038.67 127.2925 159.00280000000001 146.19749999999999
1555943099.63 128.8134 158.98240000000001 144.96729999999999
1555943160.63 138.35140000000001 170.71109999999999 152.559
1555943221.55 136.08529999999999 167.8854 149.65780000000001
1555943282.44 137.16659999999999 170.15000000000001 150.32409999999999
1555943343.42 136.12100000000001 169.4308 148.82929999999999
1555943404.42 126.8724 158.25540000000001 146.5728
1555943465.35 130.5617 158.05000000000001 144.52340000000001
1555943526.32 133.4571 165.96979999999999 151.77869999999999
1555943587.27 134.71889999999999 167.57640000000001 149.1292
1555943648.17 131.44499999999999 163.97200000000001 150.0258
1555943709.14 128.56460000000001 161.02109999999999 143.98570000000001
1555943770.06 128.87280000000001 161.1576 144.30520000000001
1555943830.99 128.36490000000001 160.6985 146.43450000000001
1555943891.88 127.4517 159.3065 143.53120000000001
1555943952.82 132.46360000000001 165.43819999999999 148.57579999999999
1555944013.82 131.24780000000001 165.9325 148.67189999999999
1555944074.83 136.01840000000001 165.82130000000001 152.7261
1555944135.79 127.82340000000001 161.84360000000001 145.11070000000001
1555944196.69 124.7809 158.69329999999999 141.76429999999999
1555944257.58 131.70140000000001 166.85050000000001 149.98769999999999
1555944318.56 128.51159999999999 164.81020000000001 145.62649999999999
1555944379.53 127.3177 163.0772 146.36699999999999
1555944440.54 125.05029999999999 161.44489999999999 144.51900000000001
1555944501.55 128.1611 166.9871 148.25890000000001
1555944562.56 132.95230000000001 166.12819999999999 150.28270000000001
1555944623.53 131.91370000000001 164.2603 150.4478
1555944684.54 133.3398 166.78460000000001 152.30709999999999
1555944745.5 125.2957 158.35939999999999 143.90549999999999
1555944806.49 127.7101 161.83920000000001 148.54900000000001
1555944867.49 125.51819999999999 161.05609999999999 147.4006
1555944928.46 125.3446 160.7593 148.06020000000001
1555944989.39 122.6844 157.17019999999999 145.23859999999999
1555945050.38 128.29159999999999 160.50190000000001 148.054
1555945111.31 135.6799 166.12139999999999 154.39750000000001
1555945172.25 135.86859999999999 165.31299999999999 151.41329999999999
1555945233.21 137.6131 166.7997 149.1354
1555945294.21 117.27200000000001 143.65690000000001 136.52189999999999
1555945355.11 113.84050000000001 139.92670000000001 135.27719999999999
1555945416.08 126.083 159.82490000000001 146.6335
1555945477.07 124.22029999999999 159.7045 145.44229999999999
1555945538.0 126.4984 160.53559999999999 146.12200000000001
1555945598.99 127.97369999999999 163.55529999999999 148.99289999999999
1555945659.92 118.49760000000001 155.73699999999999 142.9922
1555945720.88 119.39060000000001 157.70320000000001 144.99459999999999
1555945781.88 123.7587 162.8562 149.68940000000001
1555945842.86 121.6562 160.179 147.96420000000001
1555945903.84 120.1588 158.9879 146.37700000000001
1555945964.8 118.07810000000001 158.2388 144.5591
1555946025.72 122.23220000000001 163.05029999999999 149.47749999999999
1555946086.61 121.6069 162.0307 149.5564
1555946147.61 121.58799999999999 161.3023 148.81989999999999
1555946208.6 120.7285 160.29220000000001 147.6799
1555946269.58 119.92 159.6584 147.3905
1555946330.5 118.1883 157.41800000000001 146.22200000000001
1555946391.5 121.8128 161.9349 150.57810000000001
1555946452.42 116.54470000000001 156.12719999999999 144.1182
1555946513.41 121.73569999999999 161.82579999999999 150.16499999999999
1555946574.41 118.169 157.41890000000001 145.52160000000001
1555946635.33 121.8651 161.7783 149.88849999999999
1555946696.29 123.4526 164.2705 151.3869
1555946757.26 124.4258 162.30119999999999 153.05430000000001
1555946818.27 119.5765 159.066 148.8613
1555946879.23 123.3998 163.49170000000001 152.50579999999999
1555946940.14 125.1429 154.21770000000001 158.93770000000001
1555947001.07 118.3678 157.7938 145.80889999999999
1555947062.03 126.95829999999999 167.34399999999999 155.76230000000001
1555947122.92 125.84739999999999 164.66130000000001 154.7389
1555947183.9 120.3758 161.7226 149.65639999999999
1555947244.82 120.0684 160.59950000000001 148.89420000000001
1555947305.79 120.8056 157.81540000000001 149.6156
1555947366.75 119.94070000000001 158.92009999999999 160.941
1555947427.64 109.8995 156.59909999999999 176.82910000000001
1555947488.53 114.04179999999999 157.7148 177.2784
1555947549.51 97.001499999999993 154.52160000000001 202.87649999999999
1555947610.52 107.35599999999999 153.02500000000001 189.8998
1555947671.44 120.4288 154.48910000000001 173.3535
1555947732.44 123.2649 154.78380000000001 170.7516
1555947793.36 124.01000000000001 153.15180000000001 166.20480000000001
1555947854.32 128.34469999999999 158.08670000000001 171.20580000000001
1555947915.29 128.34780000000001 157.16640000000001 171.4674
1555947976.25 119.1545 159.6319 185.61259999999999
1555948037.22 107.6628 155.99770000000001 192.85929999999999
1555948098.15 124.9659 156.7662 186.24959999999999
1555948159.04 124.3973 151.8681 176.89500000000001
1555948219.93 121.80029999999999 151.36349999999999 161.0789
1555948280.86 125.15170000000001 158.60079999999999 152.71860000000001
1555948341.82 124.40479999999999 154.0872 147.93809999999999
1555948402.83 119.7311 146.38640000000001 141.417
1555948463.83 108.76990000000001 129.3699 134.02600000000001
1555948524.76 104.15049999999999 126.9186 127.45569999999999
1555948585.65 111.12139999999999 140.22900000000001 133.32210000000001
1555948646.54 108.11750000000001 138.23070000000001 130.33590000000001
1555948707.44 123.1953 151.36699999999999 148.25399999999999
1555948768.36 130.6335 166.27789999999999 157.05789999999999
1555948829.32 123.7296 160.21190000000001 149.0257
1555948890.33 127.2569 160.3631 154.4573
1555948951.32 127.589 164.25989999999999 154.27680000000001
1555949012.25 129.38849999999999 161.6908 161.88339999999999
1555949073.22 125.7278 162.077 152.46510000000001
1555949134.14 125.51860000000001 162.4392 150.97450000000001
1555949195.03 136.161 160.4984 170.38560000000001
1555949256.01 132.7389 166.0189 168.434
1555949317.0 130.6387 166.16720000000001 168.29230000000001
1555949377.99 128.53440000000001 162.9308 166.2833
1555949438.96 126.809 161.50919999999999 165.17959999999999
1555949499.92 121.35899999999999 160.01990000000001 159.0635
1555949560.92 117.66540000000001 155.32169999999999 148.58840000000001
1555949621.93 119.696 157.32669999999999 151.17349999999999
1555949682.88 115.51130000000001 152.7774 146.477
1555949743.89 117.79989999999999 155.8492 149.7467
1555949804.85 124.8955 149.2311 161.5429
1555949865.85 116.40649999999999 155.2321 149.989
1555949926.81 112.9332 151.0155 145.57740000000001
1555949987.77 116.17 155.3441 149.65389999999999
1555950048.66 114.5411 153.50069999999999 148.9239
1555950109.63 114.8177 154.143 148.64250000000001
1555950170.56 118.672 158.107 152.35599999999999
1555950231.5 112.9136 151.20750000000001 145.05019999999999
1555950292.46 114.54989999999999 153.21979999999999 148.5949
1555950353.36 112.1079 152.79679999999999 149.4162
1555950414.32 110.8143 151.75649999999999 148.41
1555950475.33 113.9387 155.46889999999999 150.2081
1555950536.33 120.27290000000001 146.95140000000001 161.31280000000001
1555950597.34 122.05459999999999 148.45519999999999 163.18629999999999
1555950658.35 118.369 152.73240000000001 165.37950000000001
1555950719.31 117.3995 151.37629999999999 164.5993
1555950780.32 116.78 147.69239999999999 163.91399999999999
1555950841.28 115.61579999999999 147.54429999999999 165.8682
1555950902.17 112.8937 145.0146 165.13849999999999
1555950963.06 114.25369999999999 148.64699999999999 171.04089999999999
1555951023.99 118.91249999999999 149.47829999999999 186.25219999999999
1555951084.96 91.930599999999998 148.6498 195.5333
1555951145.96 93.397800000000004 145.47630000000001 189.7765
1555951206.93 87.760199999999998 146.61410000000001 194.0231
1555951267.89 88.746600000000001 147.3526 195.94569999999999
1555951328.89 87.421000000000006 149.44820000000001 197.661
1555951389.9 91.5017 152.1515 200.55330000000001
1555951450.86 88.230999999999995 147.60419999999999 195.62739999999999
1555951511.79 87.197199999999995 150.494 199.25399999999999
1555951572.75 85.408799999999999 146.4521 196.1619
1555951633.68 88.522900000000007 149.79519999999999 198.91820000000001
1555951694.67 88.317300000000003 149.13480000000001 198.09030000000001
1555951755.69 91.888599999999997 151.97380000000001 199.93530000000001
1555951816.65 95.111800000000002 153.96960000000001 200.29169999999999
1555951877.57 92.061700000000002 151.03729999999999 197.82919999999999
1555951938.5 121.1795 150.6414 182.7234
1555951999.46 113.9486 148.81739999999999 169.33420000000001
1555952060.47 116.2867 148.27209999999999 165.76900000000001
1555952121.39 119.624 150.24780000000001 165.261
1555952182.29 122.59310000000001 152.41390000000001 165.62129999999999
1555952243.23 120.5249 149.57579999999999 162.2801
1555952304.23 120.2021 149.4239 162.3322
1555952365.19 124.89530000000001 154.37780000000001 167.27529999999999
1555952426.12 121.7625 151.0172 163.86879999999999
1555952487.09 115.0408 143.9222 156.45480000000001
1555952548.09 119.58499999999999 148.77170000000001 161.8981
1555952609.08 121.9986 151.4271 164.78639999999999
1555952670.01 121.7557 150.97130000000001 164.3638
1555952730.9 121.2854 150.52539999999999 163.3938
1555952791.84 123.1396 152.45160000000001 165.43860000000001
1555952852.8 122.0149 151.124 164.19759999999999
1555952913.73 118.84139999999999 148.05330000000001 161.4528
1555952974.65 118.2893 148.3177 163.5102
1555953035.66 117.92529999999999 148.61099999999999 164.8664
1555953096.62 121.217 152.67320000000001 169.7722
1555953157.54 119.5642 148.1643 161.47970000000001
1555953218.43 122.3323 150.8912 163.86199999999999
1555953279.41 121.3603 147.81909999999999 158.92500000000001
1555953340.38 122.62309999999999 149.32689999999999 159.06870000000001
1555953401.32 119.84439999999999 147.16820000000001 155.3792
1555953462.25 115.5723 149.23509999999999 153.16210000000001
1555953523.14 119.4462 152.20599999999999 156.58420000000001
1555953584.07 121.3287 151.6463 156.06710000000001
1555953645.06 127.90779999999999 155.59379999999999 160.23419999999999
1555953705.99 125.90689999999999 154.57480000000001 156.94720000000001
1555953766.99 119.4057 144.79900000000001 149.7526
1555953827.95 118.0463 152.19470000000001 142.7792
1555953888.84 122.6643 157.4006 144.94030000000001
1555953949.84 118.21720000000001 149.39850000000001 141.18680000000001
1555954010.85 121.6203 139.30019999999999 150.6472
1555954071.81 117.1867 144.24369999999999 142.57740000000001
1555954132.74 128.5857 150.43709999999999 154.3511
1555954193.74 123.4562 145.6343 154.12479999999999
1555954254.71 112.8313 144.28149999999999 141.44120000000001
1555954315.64 123.51179999999999 152.166 153.53550000000001
1555954376.63 123.1272 152.6439 154.4418
1555954437.56 122.967 152.57480000000001 153.548
1555954498.5 122.2825 150.58150000000001 152.6146
1555954559.51 125.1142 152.12710000000001 154.89830000000001
1555954620.52 129.88480000000001 154.97620000000001 157.81639999999999
1555954681.47 129.1816 150.67320000000001 157.07839999999999
1555954742.45 131.36160000000001 151.0249 159.56399999999999
1555954803.37 132.00530000000001 152.15379999999999 156.37960000000001
1555954864.35 133.70920000000001 152.7371 157.76990000000001
1555954925.34 131.53530000000001 149.6182 155.27359999999999
1555954986.34 128.54849999999999 145.30330000000001 153.1454
1555955047.35 129.34139999999999 145.14439999999999 153.6652
1555955108.34 132.98099999999999 148.8159 155.3526
1555955169.35 132.0333 146.60650000000001 154.2012
1555955230.32 133.5078 147.8254 154.71129999999999
1555955291.32 142.50540000000001 157.08260000000001 163.73570000000001
1555955352.33 137.44839999999999 151.43979999999999 158.54400000000001
1555955413.34 133.97499999999999 149.07640000000001 155.89590000000001
1555955474.34 125.1048 153.1747 146.92259999999999
1555955535.34 131.7963 145.57490000000001 153.11580000000001
1555955596.34 132.5788 146.06309999999999 153.95179999999999
1555955657.35 135.42320000000001 149.2884 157.13810000000001
1555955718.31 129.583 143.3442 151.37569999999999
1555955779.27 127.9691 141.64590000000001 149.1748
1555955840.17 136.036 149.7115 157.3837
1555955901.07 134.3143 147.5686 154.6002
1555955962.05 127.1109 139.8811 147.18530000000001
1555956023.05 128.44380000000001 140.76060000000001 147.5496
1555956083.98 130.58940000000001 142.61930000000001 148.899
1555956144.96 126.37179999999999 138.73859999999999 145.18860000000001
1555956205.96 127.544 139.81270000000001 146.52529999999999
1555956266.96 133.6003 146.02170000000001 152.24260000000001
1555956327.89 133.02449999999999 146.53989999999999 153.21979999999999
1555956388.8 137.02260000000001 151.76259999999999 159.9796
1555956449.77 131.2852 149.17250000000001 151.65809999999999
1555956510.69 131.9571 151.3648 152.9041
1555956571.58 132.2662 153.54259999999999 152.15309999999999
1555956632.56 127.4451 149.95310000000001 149.21029999999999
1555956693.48 120.09569999999999 138.7561 150.74350000000001
1555956754.48 121.1609 140.74279999999999 150.9769
1555956815.45 131.9237 155.00309999999999 152.36250000000001
1555956876.46 123.6521 144.74860000000001 145.47790000000001
1555956937.39 127.27209999999999 147.34389999999999 146.86670000000001
1555956998.33 132.8125 153.0127 150.1215
1555957059.34 129.0736 146.2131 151.01609999999999
1555957120.27 125.8163 140.77269999999999 149.14150000000001
1555957181.19 126.1165 140.77770000000001 149.40600000000001
1555957242.08 123.1031 138.35910000000001 146.5547
1555957303.06 122.7129 139.89240000000001 147.94030000000001
1555957364.07 119.1169 142.41380000000001 141.86750000000001
1555957424.99 119.3463 145.41909999999999 141.7561
1555957485.99 115.49509999999999 140.38040000000001 137.89410000000001
1555957546.96 111.93049999999999 137.56829999999999 136.3098
1555957607.89 111.01349999999999 137.0292 135.8304
1555957668.8 111.60639999999999 137.26400000000001 135.34450000000001
1555957729.8 109.7576 137.28 137.79480000000001
1555957790.69 114.139 139.39840000000001 134.92400000000001
1555957851.58 124.944 145.3777 138.3475
1555957912.56 120.56059999999999 141.71250000000001 142.38839999999999
1555957973.48 123.06010000000001 143.1952 139.9913
1555958034.38 127.9345 145.24760000000001 147.41210000000001
1555958095.27 118.6258 132.50479999999999 138.80439999999999
1555958156.2 113.9273 126.54510000000001 132.0575
1555958217.14 105.83710000000001 120.7931 126.5733
1555958278.14 99.034400000000005 118.86799999999999 126.79219999999999
1555958339.15 111.3514 127.12569999999999 136.453
1555958400.09 108.82040000000001 128.3749 137.7681
1555958461.09 100.9126 126.6075 129.47890000000001
1555958522.08 101.31100000000001 128.7895 127.2414
1555958583.01 96.853499999999997 125.60509999999999 126.9449
1555958643.98 98.566199999999995 128.73670000000001 132.4906
1555958704.99 92.059700000000007 124.67570000000001 130.24600000000001
1555958765.91 89.148899999999998 121.8335 128.56890000000001
1555958826.91 91.559799999999996 125.8351 134.26740000000001
1555958887.83 92.266000000000005 124.25060000000001 132.9143
1555958948.81 93.580500000000001 126.8717 136.8672
1555959009.73 96.3262 125.988 137.95650000000001
1555959070.7 89.456299999999999 124.8814 137.6814
1555959131.63 89.436000000000007 123.77930000000001 136.3081
1555959192.62 78.454400000000007 117.4559 128.49010000000001
1555959253.57 74.633499999999998 115.1996 126.1362
1555959314.57 80.641800000000003 119.95610000000001 131.47300000000001
1555959375.58 80.145099999999999 119.003 131.2912
1555959436.59 67.123599999999996 111.4371 123.9028
1555959497.6 62.1629 111.3592 127.43210000000001
1555959558.53 74.586299999999994 114.3736 134.67009999999999
1555959619.45 97.131699999999995 120.40519999999999 135.9102
1555959680.46 105.5752 126.6687 141.18780000000001
1555959741.41 108.5217 127.3222 141.47999999999999
1555959802.41 107.3164 126.87350000000001 140.72030000000001
1555959863.4 78.645499999999998 117.6026 139.22040000000001
1555959924.38 65.436499999999995 114.59529999999999 134.7363
1555959985.31 92.840100000000007 120.73869999999999 134.83029999999999
1555960046.23 114.0044 127.2393 135.53649999999999
1555960107.12 105.38930000000001 121.9584 130.98339999999999
1555960168.05 99.252899999999997 123.18340000000001 137.18279999999999
1555960228.99 87.560599999999994 117.7153 134.18430000000001
1555960289.95 97.706299999999999 124.2872 141.31999999999999
1555960350.94 98.578500000000005 127.6506 146.44120000000001
1555960411.92 92.5989 126.27419999999999 149.7559
1555960472.93 90.854500000000002 126.2111 147.44399999999999
1555960533.93 90.572299999999998 126.7599 148.4923
1555960594.86 89.695300000000003 126.27070000000001 147.87200000000001
1555960655.86 89.243799999999993 125.31489999999999 147.69489999999999
1555960716.85 89.9893 125.7636 147.74520000000001
1555960777.84 89.513900000000007 126.146 147.80369999999999
1555960838.77 87.310100000000006 124.0026 146.40270000000001
1555960899.75 85.528300000000002 123.00530000000001 145.56559999999999
1555960960.68 83.9589 122.88 145.84729999999999
1555961021.65 81.785799999999995 121.96810000000001 144.80430000000001
1555961082.58 80.866799999999998 123.19629999999999 145.00739999999999
1555961143.55 77.486199999999997 124.4337 145.64070000000001
1555961204.56 79.8018 124.09229999999999 146.09780000000001
1555961265.49 79.199200000000005 123.4211 146.02850000000001
1555961326.47 76.941100000000006 120.8379 143.79740000000001
1555961387.39 77.246099999999998 123.8214 147.2159
1555961448.38 84.1982 122.3322 146.6986
1555961509.28 81.946799999999996 123.6386 147.45529999999999
1555961570.25 83.115899999999996 123.282 146.0136
1555961631.18 81.161799999999999 123.93129999999999 146.83459999999999
1555961692.1 78.879800000000003 120.10339999999999 142.51509999999999
1555961753.07 84.896199999999993 120.3909 141.6592
1555961813.99 80.255600000000001 116.8946 137.0206
1555961874.93 70.612899999999996 116.041 136.7079
1555961935.89 68.354600000000005 113.4787 134.9494
1555961996.79 83.087299999999999 106.4067 119.3389
1555962057.73 77.273899999999998 104.44240000000001 119.7161
1555962118.67 78.276899999999998 102.5509 115.33069999999999
1555962179.67 79.251999999999995 93.735200000000006 105.182
1555962240.64 67.637900000000002 80.899799999999999 98.792100000000005
1555962301.6 62.8322 72.305499999999995 84.586399999999998
1555962362.57 62.682000000000002 60.440800000000003 72.665300000000002
1555962423.5 49.618899999999996 55.119799999999998 65.900000000000006
1555962484.44 38.191499999999998 47.445900000000002 55.628300000000003
1555962545.41 32.052700000000002 39.390999999999998 48.557000000000002
1555962606.38 13.498799999999999 39.316699999999997 44.089399999999998
1555962667.3 16.249400000000001 30.503299999999999 31.581700000000001
1555962728.28 22.347200000000001 18.357900000000001 18.897300000000001
1555962789.21 9.0360999999999994 17.109300000000001 16.777699999999999
1555962850.17 28.789000000000001 1.0597000000000001 3.1957
1555962911.14 18.893000000000001 6.4798999999999998 1.1112
1555962972.11 6.7868000000000004 0.122 2.0137999999999998
1555963033.07 2.8302999999999998 7.5899000000000001 0.021899999999999999
1555963094.08 0.0 2.6307 0.0281
1555963155.04 0.0 0.26379999999999998 3.1554000000000002
1555963216.0 0.0 0.0 13.371499999999999
1555963276.92 0.0 0.0 4.6978
1555963337.92 0.0 0.0 0.55179999999999996
1555963398.91 0.0 0.0 0.00069999999999999999
1555963459.88 0.0 0.0 0.0
1555963520.81 0.0 0.0 0.0
1555963581.7 0.0 0.0 0.0
1555963642.64 0.0 0.0 0.0
1555963703.65 0.0 0.0 0.0
1555963764.59 0.0 0.0 0.0
1555963825.59 0.0 0.0 0.0
1555963886.59 0.0 0.0 0.0
1555963947.52 0.0 0.0 0.0
1555964008.49 0.0 0.0 0.0
1555964069.42 0.0 0.0 0.0
1555964130.4 0.0 0.0 0.0
1555964191.4 0.0 0.0 0.0
1555964252.4 0.0 0.0 0.0
1555964313.37 0.0 0.0 0.0
1555964374.31 0.0 0.0 0.0
1555964435.31 0.0 0.0 0.0
1555964496.28 0.0 0.0 0.0
1555964557.29 0.0 0.0 0.0
1555964618.27 0.0 0.0 0.0
1555964679.2 0.0 0.0 0.0
1555964740.21 0.0 0.0 0.0
1555964801.13 0.0 0.0 0.0
1555964862.02 0.0 0.0 0.0
1555964922.92 0.0 0.0 0.0
1555964983.89 0.0 0.0 0.0
1555965044.81 0.0 0.0 0.0
1555965105.7 0.0 0.0 0.0
1555965166.68 0.0 0.0 0.0
1555965227.66 0.0 0.0 0.0
1555965288.66 0.0 0.0 0.0
1555965349.62 0.0 0.0 0.0
1555965410.62 0.0 0.0 0.0
1555965471.61 0.0 0.0 0.0
1555965532.61 0.0 0.0 0.0
